1.50000000000000000000 1.50000000000000000000 -602501.95948334
1.50000000000000000000 1.60500000000000000000 -602523.95539437
1.50000000000000000000 1.71000000000000000000 -602536.00704439
1.50000000000000000000 1.81500000000000000000 -602479.85059675
1.50000000000000000000 1.92000000000000000000 -602508.94736952
1.50000000000000000000 2.02500000000000000000 -602533.91580498
1.50000000000000000000 2.13000000000000000000 -602554.90279180
1.50000000000000000000 2.23500000000000000000 -602572.11441228
1.50000000000000000000 2.34000000000000000000 -602583.76646299
1.50000000000000000000 2.44500000000000000000 -602596.37465370
1.50000000000000000000 2.55000000000000000000 -602604.32228993
1.50000000000000000000 2.65500000000000000000 -602610.17137688
1.50000000000000000000 2.76000000000000000000 -602614.39257117
1.50000000000000000000 2.86500000000000000000 -602617.37116424
1.50000000000000000000 2.97000000000000000000 -602619.40741499
1.50000000000000000000 3.07500000000000000000 -602620.75183402
1.50000000000000000000 3.18000000000000000000 -602621.60199707
1.50000000000000000000 3.28500000000000000000 -602622.10166154
1.50000000000000000000 3.39000000000000000000 -602622.33635512
1.50000000000000000000 3.49500000000000000000 -602622.41365488
1.50000000000000000000 3.60000000000000000000 -602622.37068491
1.50000000000000000000 3.70500000000000000000 -602622.24122970
1.50000000000000000000 3.81000000000000000000 -602622.05920300
1.50000000000000000000 3.91500000000000000000 -602621.85078576
1.50000000000000000000 4.02000000000000000000 -602621.92897846
1.50000000000000000000 4.12500000000000000000 -602621.43967856
1.50000000000000000000 4.23000000000000000000 -602621.15653937
1.50000000000000000000 4.33500000000000000000 -602620.93155086
1.50000000000000000000 4.44000000000000000000 -602620.71444449
1.50000000000000000000 4.54500000000000000000 -602620.50106240
1.50000000000000000000 4.65000000000000000000 -602620.29289239
1.50000000000000000000 4.75500000000000000000 -602620.09513905
1.50000000000000000000 4.86000000000000000000 -602619.90950480
1.50000000000000000000 4.96500000000000000000 -602619.73204197
1.50000000000000000000 5.07000000000000000000 -602619.55815344
1.50000000000000000000 5.17500000000000000000 -602619.38841150
1.50000000000000000000 5.28000000000000000000 -602619.22789206
1.50000000000000000000 5.38500000000000000000 -602619.07986319
1.50000000000000000000 5.49000000000000000000 -602618.94220518
1.60500000000000000000 1.50000000000000000000 -602523.95539437
1.60500000000000000000 1.60500000000000000000 -602541.65377899
1.60500000000000000000 1.71000000000000000000 -602491.45132157
1.60500000000000000000 1.81500000000000000000 -602521.98705332
1.60500000000000000000 1.92000000000000000000 -602545.88540624
1.60500000000000000000 2.02500000000000000000 -602567.74822879
1.60500000000000000000 2.13000000000000000000 -602586.13031387
1.60500000000000000000 2.23500000000000000000 -602601.26589949
1.60500000000000000000 2.34000000000000000000 -602613.28084020
1.60500000000000000000 2.44500000000000000000 -602622.56087488
1.60500000000000000000 2.55000000000000000000 -602629.54405599
1.60500000000000000000 2.65500000000000000000 -602634.47175820
1.60500000000000000000 2.76000000000000000000 -602638.12542411
1.60500000000000000000 2.86500000000000000000 -602640.92305097
1.60500000000000000000 2.97000000000000000000 -602642.65189109
1.60500000000000000000 3.07500000000000000000 -602643.76939578
1.60500000000000000000 3.18000000000000000000 -602644.44500577
1.60500000000000000000 3.28500000000000000000 -602644.80506507
1.60500000000000000000 3.39000000000000000000 -602644.94395363
1.60500000000000000000 3.49500000000000000000 -602644.91824143
1.60500000000000000000 3.60000000000000000000 -602644.80556143
1.60500000000000000000 3.70500000000000000000 -602644.61874307
1.60500000000000000000 3.81000000000000000000 -602644.39126334
1.60500000000000000000 3.91500000000000000000 -602644.14285367
1.60500000000000000000 4.02000000000000000000 -602643.88029616
1.60500000000000000000 4.12500000000000000000 -602643.61241424
1.60500000000000000000 4.23000000000000000000 -602643.35098249
1.60500000000000000000 4.33500000000000000000 -602643.10045496
1.60500000000000000000 4.44000000000000000000 -602642.85713502
1.60500000000000000000 4.54500000000000000000 -602642.61908427
1.60500000000000000000 4.65000000000000000000 -602642.38897089
1.60500000000000000000 4.75500000000000000000 -602642.17187958
1.60500000000000000000 4.86000000000000000000 -602641.96700213
1.60500000000000000000 4.96500000000000000000 -602641.76917536
1.60500000000000000000 5.07000000000000000000 -602641.57550899
1.60500000000000000000 5.17500000000000000000 -602641.38894351
1.60500000000000000000 5.28000000000000000000 -602641.21458874
1.60500000000000000000 5.38500000000000000000 -602641.05323220
1.60500000000000000000 5.49000000000000000000 -602640.90169305
1.71000000000000000000 1.50000000000000000000 -602536.00704439
1.71000000000000000000 1.60500000000000000000 -602491.45132157
1.71000000000000000000 1.71000000000000000000 -602525.91165900
1.71000000000000000000 1.81500000000000000000 -602549.99410000
1.71000000000000000000 1.92000000000000000000 -602572.29233570
1.71000000000000000000 2.02500000000000000000 -602591.13914992
1.71000000000000000000 2.13000000000000000000 -602606.87982726
1.71000000000000000000 2.23500000000000000000 -602619.68512121
1.71000000000000000000 2.34000000000000000000 -602629.98035080
1.71000000000000000000 2.44500000000000000000 -602637.88013755
1.71000000000000000000 2.55000000000000000000 -602643.80848397
1.71000000000000000000 2.65500000000000000000 -602648.09051468
1.71000000000000000000 2.76000000000000000000 -602651.17114895
1.71000000000000000000 2.86500000000000000000 -602653.30351784
1.71000000000000000000 2.97000000000000000000 -602654.67407640
1.71000000000000000000 3.07500000000000000000 -602655.51503891
1.71000000000000000000 3.18000000000000000000 -602655.97539180
1.71000000000000000000 3.28500000000000000000 -602656.16488775
1.71000000000000000000 3.39000000000000000000 -602656.16481558
1.71000000000000000000 3.49500000000000000000 -602656.03124140
1.71000000000000000000 3.60000000000000000000 -602655.81133572
1.71000000000000000000 3.70500000000000000000 -602655.54656310
1.71000000000000000000 3.81000000000000000000 -602655.25485590
1.71000000000000000000 3.91500000000000000000 -602654.94904981
1.71000000000000000000 4.02000000000000000000 -602654.63532079
1.71000000000000000000 4.12500000000000000000 -602654.32434842
1.71000000000000000000 4.23000000000000000000 -602654.02578128
1.71000000000000000000 4.33500000000000000000 -602653.73998082
1.71000000000000000000 4.44000000000000000000 -602653.46247290
1.71000000000000000000 4.54500000000000000000 -602653.19302974
1.71000000000000000000 4.65000000000000000000 -602652.93631936
1.71000000000000000000 4.75500000000000000000 -602652.69496603
1.71000000000000000000 4.86000000000000000000 -602652.46553538
1.71000000000000000000 4.96500000000000000000 -602652.24303244
1.71000000000000000000 5.07000000000000000000 -602652.02709387
1.71000000000000000000 5.17500000000000000000 -602651.82226786
1.71000000000000000000 5.28000000000000000000 -602651.63187395
1.71000000000000000000 5.38500000000000000000 -602651.45444250
1.71000000000000000000 5.49000000000000000000 -602651.28678577
1.81500000000000000000 1.50000000000000000000 -602479.85059675
1.81500000000000000000 1.60500000000000000000 -602521.98705332
1.81500000000000000000 1.71000000000000000000 -602549.99410000
1.81500000000000000000 1.81500000000000000000 -602573.33024582
1.81500000000000000000 1.92000000000000000000 -602592.38034739
1.81500000000000000000 2.02500000000000000000 -602608.23443264
1.81500000000000000000 2.13000000000000000000 -602621.29150223
1.81500000000000000000 2.23500000000000000000 -602629.97746363
1.81500000000000000000 2.34000000000000000000 -602640.34157305
1.81500000000000000000 2.44500000000000000000 -602646.81787835
1.81500000000000000000 2.55000000000000000000 -602651.64285976
1.81500000000000000000 2.65500000000000000000 -602655.11702344
1.81500000000000000000 2.76000000000000000000 -602657.44577896
1.81500000000000000000 2.86500000000000000000 -602659.05439517
1.81500000000000000000 2.97000000000000000000 -602660.06759523
1.81500000000000000000 3.07500000000000000000 -602660.59030437
1.81500000000000000000 3.18000000000000000000 -602660.78282742
1.81500000000000000000 3.28500000000000000000 -602660.77832316
1.81500000000000000000 3.39000000000000000000 -602660.57265378
1.81500000000000000000 3.49500000000000000000 -602660.32929744
1.81500000000000000000 3.60000000000000000000 -602659.99240077
1.81500000000000000000 3.70500000000000000000 -602659.83832836
1.81500000000000000000 3.81000000000000000000 -602659.47278148
1.81500000000000000000 3.91500000000000000000 -602658.85868814
1.81500000000000000000 4.02000000000000000000 -602658.47146395
1.81500000000000000000 4.12500000000000000000 -602658.27761560
1.81500000000000000000 4.23000000000000000000 -602657.82777663
1.81500000000000000000 4.33500000000000000000 -602657.42796836
1.81500000000000000000 4.44000000000000000000 -602657.11543851
1.81500000000000000000 4.54500000000000000000 -602656.81341066
1.81500000000000000000 4.65000000000000000000 -602656.51168526
1.81500000000000000000 4.75500000000000000000 -602656.23960844
1.81500000000000000000 4.86000000000000000000 -602655.97313402
1.81500000000000000000 4.96500000000000000000 -602655.72634457
1.81500000000000000000 5.07000000000000000000 -602655.46664412
1.81500000000000000000 5.17500000000000000000 -602655.25690095
1.81500000000000000000 5.28000000000000000000 -602655.04526459
1.81500000000000000000 5.38500000000000000000 -602654.72159079
1.81500000000000000000 5.49000000000000000000 -602654.65810252
1.92000000000000000000 1.50000000000000000000 -602508.94736952
1.92000000000000000000 1.60500000000000000000 -602545.88540624
1.92000000000000000000 1.71000000000000000000 -602572.29233570
1.92000000000000000000 1.81500000000000000000 -602592.38034739
1.92000000000000000000 1.92000000000000000000 -602608.36399516
1.92000000000000000000 2.02500000000000000000 -602621.28452432
1.92000000000000000000 2.13000000000000000000 -602631.79733405
1.92000000000000000000 2.23500000000000000000 -602639.48634349
1.92000000000000000000 2.34000000000000000000 -602646.91156614
1.92000000000000000000 2.44500000000000000000 -602652.01756827
1.92000000000000000000 2.55000000000000000000 -602655.58784946
1.92000000000000000000 2.65500000000000000000 -602658.19195616
1.92000000000000000000 2.76000000000000000000 -602659.88064572
1.92000000000000000000 2.86500000000000000000 -602661.11868807
1.92000000000000000000 2.97000000000000000000 -602661.65826279
1.92000000000000000000 3.07500000000000000000 -602661.83620377
1.92000000000000000000 3.18000000000000000000 -602661.75445811
1.92000000000000000000 3.28500000000000000000 -602661.50844615
1.92000000000000000000 3.39000000000000000000 -602661.03909163
1.92000000000000000000 3.49500000000000000000 -602660.64752696
1.92000000000000000000 3.60000000000000000000 -602660.16938480
1.92000000000000000000 3.70500000000000000000 -602659.73573118
1.92000000000000000000 3.81000000000000000000 -602658.75983280
1.92000000000000000000 3.91500000000000000000 -602658.61348692
1.92000000000000000000 4.02000000000000000000 -602658.28155573
1.92000000000000000000 4.12500000000000000000 -602657.74504766
1.92000000000000000000 4.23000000000000000000 -602657.37686273
1.92000000000000000000 4.33500000000000000000 -602656.87292115
1.92000000000000000000 4.44000000000000000000 -602656.58957613
1.92000000000000000000 4.54500000000000000000 -602656.25473895
1.92000000000000000000 4.65000000000000000000 -602655.91307760
1.92000000000000000000 4.75500000000000000000 -602655.59575859
1.92000000000000000000 4.86000000000000000000 -602655.30231821
1.92000000000000000000 4.96500000000000000000 -602655.01849566
1.92000000000000000000 5.07000000000000000000 -602654.75968125
1.92000000000000000000 5.17500000000000000000 -602654.46569242
1.92000000000000000000 5.28000000000000000000 -602654.31655538
1.92000000000000000000 5.38500000000000000000 -602653.97174957
1.92000000000000000000 5.49000000000000000000 -602653.84160285
2.02500000000000000000 1.50000000000000000000 -602533.91580498
2.02500000000000000000 1.60500000000000000000 -602567.74822879
2.02500000000000000000 1.71000000000000000000 -602591.13914992
2.02500000000000000000 1.81500000000000000000 -602608.23443264
2.02500000000000000000 1.92000000000000000000 -602621.28452432
2.02500000000000000000 2.02500000000000000000 -602631.55520323
2.02500000000000000000 2.13000000000000000000 -602639.73584190
2.02500000000000000000 2.23500000000000000000 -602645.45017872
2.02500000000000000000 2.34000000000000000000 -602651.25615954
2.02500000000000000000 2.44500000000000000000 -602654.70613837
2.02500000000000000000 2.55000000000000000000 -602657.59357439
2.02500000000000000000 2.65500000000000000000 -602659.47272626
2.02500000000000000000 2.76000000000000000000 -602660.53107814
2.02500000000000000000 2.86500000000000000000 -602661.04397177
2.02500000000000000000 2.97000000000000000000 -602661.15618679
2.02500000000000000000 3.07500000000000000000 -602660.95279151
2.02500000000000000000 3.18000000000000000000 -602660.42220148
2.02500000000000000000 3.28500000000000000000 -602660.10549931
2.02500000000000000000 3.39000000000000000000 -602659.41346803
2.02500000000000000000 3.49500000000000000000 -602658.92552857
2.02500000000000000000 3.60000000000000000000 -602658.22128783
2.02500000000000000000 3.70500000000000000000 -602657.51641143
2.02500000000000000000 3.81000000000000000000 -602657.09935167
2.02500000000000000000 3.91500000000000000000 -602656.48634517
2.02500000000000000000 4.02000000000000000000 -602655.87589891
2.02500000000000000000 4.12500000000000000000 -602655.43972082
2.02500000000000000000 4.23000000000000000000 -602654.93906237
2.02500000000000000000 4.33500000000000000000 -602654.40700522
2.02500000000000000000 4.44000000000000000000 -602654.02783449
2.02500000000000000000 4.54500000000000000000 -602653.57522193
2.02500000000000000000 4.65000000000000000000 -602653.21953072
2.02500000000000000000 4.75500000000000000000 -602652.85970736
2.02500000000000000000 4.86000000000000000000 -602652.53270400
2.02500000000000000000 4.96500000000000000000 -602652.25153582
2.02500000000000000000 5.07000000000000000000 -602651.90802833
2.02500000000000000000 5.17500000000000000000 -602651.64772170
2.02500000000000000000 5.28000000000000000000 -602651.37717726
2.02500000000000000000 5.38500000000000000000 -602651.22931970
2.02500000000000000000 5.49000000000000000000 -602650.96105751
2.13000000000000000000 1.50000000000000000000 -602554.90279180
2.13000000000000000000 1.60500000000000000000 -602586.13031387
2.13000000000000000000 1.71000000000000000000 -602606.87982726
2.13000000000000000000 1.81500000000000000000 -602621.29150223
2.13000000000000000000 1.92000000000000000000 -602631.79733405
2.13000000000000000000 2.02500000000000000000 -602639.73584190
2.13000000000000000000 2.13000000000000000000 -602645.84400306
2.13000000000000000000 2.23500000000000000000 -602650.55842985
2.13000000000000000000 2.34000000000000000000 -602654.11047435
2.13000000000000000000 2.44500000000000000000 -602656.66904206
2.13000000000000000000 2.55000000000000000000 -602658.37614023
2.13000000000000000000 2.65500000000000000000 -602659.37395878
2.13000000000000000000 2.76000000000000000000 -602659.81145589
2.13000000000000000000 2.86500000000000000000 -602659.82575683
2.13000000000000000000 2.97000000000000000000 -602659.53359594
2.13000000000000000000 3.07500000000000000000 -602659.03061821
2.13000000000000000000 3.18000000000000000000 -602658.38876949
2.13000000000000000000 3.28500000000000000000 -602657.66056605
2.13000000000000000000 3.39000000000000000000 -602656.89183366
2.13000000000000000000 3.49500000000000000000 -602656.11553726
2.13000000000000000000 3.60000000000000000000 -602655.35245371
2.13000000000000000000 3.70500000000000000000 -602654.61258675
2.13000000000000000000 3.81000000000000000000 -602653.90539421
2.13000000000000000000 3.91500000000000000000 -602653.24041737
2.13000000000000000000 4.02000000000000000000 -602652.62137486
2.13000000000000000000 4.12500000000000000000 -602652.04447651
2.13000000000000000000 4.23000000000000000000 -602651.50660423
2.13000000000000000000 4.33500000000000000000 -602651.00717569
2.13000000000000000000 4.44000000000000000000 -602650.54487250
2.13000000000000000000 4.54500000000000000000 -602650.11890399
2.13000000000000000000 4.65000000000000000000 -602649.72279176
2.13000000000000000000 4.75500000000000000000 -602649.33908225
2.13000000000000000000 4.86000000000000000000 -602649.00657626
2.13000000000000000000 4.96500000000000000000 -602648.50522755
2.13000000000000000000 5.07000000000000000000 -602648.39079240
2.13000000000000000000 5.17500000000000000000 -602648.11976038
2.13000000000000000000 5.28000000000000000000 -602647.86934832
2.13000000000000000000 5.38500000000000000000 -602647.63876933
2.13000000000000000000 5.49000000000000000000 -602647.42691271
2.23500000000000000000 1.50000000000000000000 -602572.11441228
2.23500000000000000000 1.60500000000000000000 -602601.26589949
2.23500000000000000000 1.71000000000000000000 -602619.68512121
2.23500000000000000000 1.81500000000000000000 -602629.97746363
2.23500000000000000000 1.92000000000000000000 -602639.48634349
2.23500000000000000000 2.02500000000000000000 -602645.45017872
2.23500000000000000000 2.13000000000000000000 -602650.55842985
2.23500000000000000000 2.23500000000000000000 -602653.72653329
2.23500000000000000000 2.34000000000000000000 -602655.97280771
2.23500000000000000000 2.44500000000000000000 -602657.45446620
2.23500000000000000000 2.55000000000000000000 -602658.28484827
2.23500000000000000000 2.65500000000000000000 -602658.57927008
2.23500000000000000000 2.76000000000000000000 -602658.45062938
2.23500000000000000000 2.86500000000000000000 -602658.00880119
2.23500000000000000000 2.97000000000000000000 -602657.33010072
2.23500000000000000000 3.07500000000000000000 -602656.53663190
2.23500000000000000000 3.18000000000000000000 -602655.55352846
2.23500000000000000000 3.28500000000000000000 -602654.69821481
2.23500000000000000000 3.39000000000000000000 -602653.65929000
2.23500000000000000000 3.49500000000000000000 -602652.82654850
2.23500000000000000000 3.60000000000000000000 -602651.93614954
2.23500000000000000000 3.70500000000000000000 -602650.69170533
2.23500000000000000000 3.81000000000000000000 -602650.25219140
2.23500000000000000000 3.91500000000000000000 -602649.55306048
2.23500000000000000000 4.02000000000000000000 -602648.87170941
2.23500000000000000000 4.12500000000000000000 -602648.24301454
2.23500000000000000000 4.23000000000000000000 -602647.60926634
2.23500000000000000000 4.33500000000000000000 -602647.08553750
2.23500000000000000000 4.44000000000000000000 -602646.58139135
2.23500000000000000000 4.54500000000000000000 -602646.20249923
2.23500000000000000000 4.65000000000000000000 -602645.74139709
2.23500000000000000000 4.75500000000000000000 -602645.33561180
2.23500000000000000000 4.86000000000000000000 -602644.95057825
2.23500000000000000000 4.96500000000000000000 -602644.74048493
2.23500000000000000000 5.07000000000000000000 -602644.46204390
2.23500000000000000000 5.17500000000000000000 -602644.10825342
2.23500000000000000000 5.28000000000000000000 -602643.85623368
2.23500000000000000000 5.38500000000000000000 -602643.55420332
2.23500000000000000000 5.49000000000000000000 -602643.49192237
2.34000000000000000000 1.50000000000000000000 -602583.76646299
2.34000000000000000000 1.60500000000000000000 -602613.28084020
2.34000000000000000000 1.71000000000000000000 -602629.98035080
2.34000000000000000000 1.81500000000000000000 -602640.34157305
2.34000000000000000000 1.92000000000000000000 -602646.91156614
2.34000000000000000000 2.02500000000000000000 -602651.25615954
2.34000000000000000000 2.13000000000000000000 -602654.11047435
2.34000000000000000000 2.23500000000000000000 -602655.97280771
2.34000000000000000000 2.34000000000000000000 -602657.09741518
2.34000000000000000000 2.44500000000000000000 -602657.63923512
2.34000000000000000000 2.55000000000000000000 -602657.69968939
2.34000000000000000000 2.65500000000000000000 -602657.36694683
2.34000000000000000000 2.76000000000000000000 -602656.73288926
2.34000000000000000000 2.86500000000000000000 -602655.88129675
2.34000000000000000000 2.97000000000000000000 -602654.88444959
2.34000000000000000000 3.07500000000000000000 -602653.80052984
2.34000000000000000000 3.18000000000000000000 -602652.67475332
2.34000000000000000000 3.28500000000000000000 -602651.54417260
2.34000000000000000000 3.39000000000000000000 -602650.44107490
2.34000000000000000000 3.49500000000000000000 -602649.38464572
2.34000000000000000000 3.60000000000000000000 -602648.38303388
2.34000000000000000000 3.70500000000000000000 -602647.44304912
2.34000000000000000000 3.81000000000000000000 -602646.57159405
2.34000000000000000000 3.91500000000000000000 -602645.77130231
2.34000000000000000000 4.02000000000000000000 -602645.03920267
2.34000000000000000000 4.12500000000000000000 -602644.37045638
2.34000000000000000000 4.23000000000000000000 -602643.76018959
2.34000000000000000000 4.33500000000000000000 -602643.20628005
2.34000000000000000000 4.44000000000000000000 -602642.70545405
2.34000000000000000000 4.54500000000000000000 -602642.25135429
2.34000000000000000000 4.65000000000000000000 -602641.83764041
2.34000000000000000000 4.75500000000000000000 -602641.45918755
2.34000000000000000000 4.86000000000000000000 -602641.11442756
2.34000000000000000000 4.96500000000000000000 -602640.80186633
2.34000000000000000000 5.07000000000000000000 -602640.52022563
2.34000000000000000000 5.17500000000000000000 -602640.26549255
2.34000000000000000000 5.28000000000000000000 -602640.03427412
2.34000000000000000000 5.38500000000000000000 -602639.82596732
2.34000000000000000000 5.49000000000000000000 -602639.63921234
2.44500000000000000000 1.50000000000000000000 -602596.37465370
2.44500000000000000000 1.60500000000000000000 -602622.56087488
2.44500000000000000000 1.71000000000000000000 -602637.88013755
2.44500000000000000000 1.81500000000000000000 -602646.81787835
2.44500000000000000000 1.92000000000000000000 -602652.01756827
2.44500000000000000000 2.02500000000000000000 -602654.70613837
2.44500000000000000000 2.13000000000000000000 -602656.66904206
2.44500000000000000000 2.23500000000000000000 -602657.45446620
2.44500000000000000000 2.34000000000000000000 -602657.63923512
2.44500000000000000000 2.44500000000000000000 -602657.38336310
2.44500000000000000000 2.55000000000000000000 -602656.77966759
2.44500000000000000000 2.65500000000000000000 -602655.90187843
2.44500000000000000000 2.76000000000000000000 -602654.82405243
2.44500000000000000000 2.86500000000000000000 -602653.61187538
2.44500000000000000000 2.97000000000000000000 -602652.32070493
2.44500000000000000000 3.07500000000000000000 -602650.99317533
2.44500000000000000000 3.18000000000000000000 -602649.66573044
2.44500000000000000000 3.28500000000000000000 -602648.36916466
2.44500000000000000000 3.39000000000000000000 -602647.12953408
2.44500000000000000000 3.49500000000000000000 -602645.95773099
2.44500000000000000000 3.60000000000000000000 -602644.86013468
2.44500000000000000000 3.70500000000000000000 -602643.84137363
2.44500000000000000000 3.81000000000000000000 -602642.90619748
2.44500000000000000000 3.91500000000000000000 -602642.05434078
2.44500000000000000000 4.02000000000000000000 -602641.27978572
2.44500000000000000000 4.12500000000000000000 -602640.57683138
2.44500000000000000000 4.23000000000000000000 -602639.94106135
2.44500000000000000000 4.33500000000000000000 -602639.36983820
2.44500000000000000000 4.44000000000000000000 -602638.85612441
2.44500000000000000000 4.54500000000000000000 -602638.39343028
2.44500000000000000000 4.65000000000000000000 -602637.97487517
2.44500000000000000000 4.75500000000000000000 -602637.59535742
2.44500000000000000000 4.86000000000000000000 -602637.25214424
2.44500000000000000000 4.96500000000000000000 -602636.94382435
2.44500000000000000000 5.07000000000000000000 -602636.66714850
2.44500000000000000000 5.17500000000000000000 -602636.41826067
2.44500000000000000000 5.28000000000000000000 -602636.19544208
2.44500000000000000000 5.38500000000000000000 -602635.99494590
2.44500000000000000000 5.49000000000000000000 -602635.81699299
2.55000000000000000000 1.50000000000000000000 -602604.32228993
2.55000000000000000000 1.60500000000000000000 -602629.54405599
2.55000000000000000000 1.71000000000000000000 -602643.80848397
2.55000000000000000000 1.81500000000000000000 -602651.64285976
2.55000000000000000000 1.92000000000000000000 -602655.58784946
2.55000000000000000000 2.02500000000000000000 -602657.59357439
2.55000000000000000000 2.13000000000000000000 -602658.37614023
2.55000000000000000000 2.23500000000000000000 -602658.28484827
2.55000000000000000000 2.34000000000000000000 -602657.69968939
2.55000000000000000000 2.44500000000000000000 -602656.77966759
2.55000000000000000000 2.55000000000000000000 -602655.61803267
2.55000000000000000000 2.65500000000000000000 -602654.27489753
2.55000000000000000000 2.76000000000000000000 -602652.81477830
2.55000000000000000000 2.86500000000000000000 -602651.28962776
2.55000000000000000000 2.97000000000000000000 -602649.74166034
2.55000000000000000000 3.07500000000000000000 -602648.20239209
2.55000000000000000000 3.18000000000000000000 -602646.69984757
2.55000000000000000000 3.28500000000000000000 -602645.25934932
2.55000000000000000000 3.39000000000000000000 -602643.90000623
2.55000000000000000000 3.49500000000000000000 -602642.62878055
2.55000000000000000000 3.60000000000000000000 -602641.44819861
2.55000000000000000000 3.70500000000000000000 -602640.36243900
2.55000000000000000000 3.81000000000000000000 -602639.37312572
2.55000000000000000000 3.91500000000000000000 -602638.47671083
2.55000000000000000000 4.02000000000000000000 -602637.66596981
2.55000000000000000000 4.12500000000000000000 -602636.93477378
2.55000000000000000000 4.23000000000000000000 -602636.27853689
2.55000000000000000000 4.33500000000000000000 -602635.69117168
2.55000000000000000000 4.44000000000000000000 -602635.16708202
2.55000000000000000000 4.54500000000000000000 -602634.69684523
2.55000000000000000000 4.65000000000000000000 -602634.27364153
2.55000000000000000000 4.75500000000000000000 -602633.89270310
2.55000000000000000000 4.86000000000000000000 -602633.55076314
2.55000000000000000000 4.96500000000000000000 -602633.24511832
2.55000000000000000000 5.07000000000000000000 -602632.97220753
2.55000000000000000000 5.17500000000000000000 -602632.72833099
2.55000000000000000000 5.28000000000000000000 -602632.51003047
2.55000000000000000000 5.38500000000000000000 -602632.31590790
2.55000000000000000000 5.49000000000000000000 -602632.14456329
2.65500000000000000000 1.50000000000000000000 -602610.17137688
2.65500000000000000000 1.60500000000000000000 -602634.47175820
2.65500000000000000000 1.71000000000000000000 -602648.09051468
2.65500000000000000000 1.81500000000000000000 -602655.11702344
2.65500000000000000000 1.92000000000000000000 -602658.19195616
2.65500000000000000000 2.02500000000000000000 -602659.47272626
2.65500000000000000000 2.13000000000000000000 -602659.37395878
2.65500000000000000000 2.23500000000000000000 -602658.57927008
2.65500000000000000000 2.34000000000000000000 -602657.36694683
2.65500000000000000000 2.44500000000000000000 -602655.90187843
2.65500000000000000000 2.55000000000000000000 -602654.27489753
2.65500000000000000000 2.65500000000000000000 -602652.54391257
2.65500000000000000000 2.76000000000000000000 -602650.75941863
2.65500000000000000000 2.86500000000000000000 -602648.96664344
2.65500000000000000000 2.97000000000000000000 -602647.19793575
2.65500000000000000000 3.07500000000000000000 -602645.47631826
2.65500000000000000000 3.18000000000000000000 -602643.82317585
2.65500000000000000000 3.28500000000000000000 -602642.25949434
2.65500000000000000000 3.39000000000000000000 -602640.79763064
2.65500000000000000000 3.49500000000000000000 -602639.44022468
2.65500000000000000000 3.60000000000000000000 -602638.18866577
2.65500000000000000000 3.70500000000000000000 -602637.04575009
2.65500000000000000000 3.81000000000000000000 -602636.01015673
2.65500000000000000000 3.91500000000000000000 -602635.07592811
2.65500000000000000000 4.02000000000000000000 -602634.23441277
2.65500000000000000000 4.12500000000000000000 -602633.47920446
2.65500000000000000000 4.23000000000000000000 -602632.80490221
2.65500000000000000000 4.33500000000000000000 -602632.20483119
2.65500000000000000000 4.44000000000000000000 -602631.67098752
2.65500000000000000000 4.54500000000000000000 -602631.19388389
2.65500000000000000000 4.65000000000000000000 -602630.76562434
2.65500000000000000000 4.75500000000000000000 -602630.38390278
2.65500000000000000000 4.86000000000000000000 -602630.04272273
2.65500000000000000000 4.96500000000000000000 -602629.73903072
2.65500000000000000000 5.07000000000000000000 -602629.46898515
2.65500000000000000000 5.17500000000000000000 -602629.22778367
2.65500000000000000000 5.28000000000000000000 -602629.01350800
2.65500000000000000000 5.38500000000000000000 -602628.82339020
2.65500000000000000000 5.49000000000000000000 -602628.65675819
2.76000000000000000000 1.50000000000000000000 -602614.39257117
2.76000000000000000000 1.60500000000000000000 -602638.12542411
2.76000000000000000000 1.71000000000000000000 -602651.17114895
2.76000000000000000000 1.81500000000000000000 -602657.44577896
2.76000000000000000000 1.92000000000000000000 -602659.88064572
2.76000000000000000000 2.02500000000000000000 -602660.53107814
2.76000000000000000000 2.13000000000000000000 -602659.81145589
2.76000000000000000000 2.23500000000000000000 -602658.45062938
2.76000000000000000000 2.34000000000000000000 -602656.73288926
2.76000000000000000000 2.44500000000000000000 -602654.82405243
2.76000000000000000000 2.55000000000000000000 -602652.81477830
2.76000000000000000000 2.65500000000000000000 -602650.75941863
2.76000000000000000000 2.76000000000000000000 -602648.70577394
2.76000000000000000000 2.86500000000000000000 -602646.68683240
2.76000000000000000000 2.97000000000000000000 -602644.73079116
2.76000000000000000000 3.07500000000000000000 -602642.85415623
2.76000000000000000000 3.18000000000000000000 -602641.07257393
2.76000000000000000000 3.28500000000000000000 -602639.40289728
2.76000000000000000000 3.39000000000000000000 -602637.85296827
2.76000000000000000000 3.49500000000000000000 -602636.42273481
2.76000000000000000000 3.60000000000000000000 -602635.11109374
2.76000000000000000000 3.70500000000000000000 -602633.91945760
2.76000000000000000000 3.81000000000000000000 -602632.84403997
2.76000000000000000000 3.91500000000000000000 -602631.87750278
2.76000000000000000000 4.02000000000000000000 -602631.01035681
2.76000000000000000000 4.12500000000000000000 -602630.23469420
2.76000000000000000000 4.23000000000000000000 -602629.54516355
2.76000000000000000000 4.33500000000000000000 -602628.93452840
2.76000000000000000000 4.44000000000000000000 -602628.39260304
2.76000000000000000000 4.54500000000000000000 -602627.90958137
2.76000000000000000000 4.65000000000000000000 -602627.47791445
2.76000000000000000000 4.75500000000000000000 -602627.09387863
2.76000000000000000000 4.86000000000000000000 -602626.75339512
2.76000000000000000000 4.96500000000000000000 -602626.45224327
2.76000000000000000000 5.07000000000000000000 -602626.18386812
2.76000000000000000000 5.17500000000000000000 -602625.94537561
2.76000000000000000000 5.28000000000000000000 -602625.73374175
2.76000000000000000000 5.38500000000000000000 -602625.54733692
2.76000000000000000000 5.49000000000000000000 -602625.38566286
2.86500000000000000000 1.50000000000000000000 -602617.37116424
2.86500000000000000000 1.60500000000000000000 -602640.92305097
2.86500000000000000000 1.71000000000000000000 -602653.30351784
2.86500000000000000000 1.81500000000000000000 -602659.05439517
2.86500000000000000000 1.92000000000000000000 -602661.11868807
2.86500000000000000000 2.02500000000000000000 -602661.04397177
2.86500000000000000000 2.13000000000000000000 -602659.82575683
2.86500000000000000000 2.23500000000000000000 -602658.00880119
2.86500000000000000000 2.34000000000000000000 -602655.88129675
2.86500000000000000000 2.44500000000000000000 -602653.61187538
2.86500000000000000000 2.55000000000000000000 -602651.28962776
2.86500000000000000000 2.65500000000000000000 -602648.96664344
2.86500000000000000000 2.76000000000000000000 -602646.68683240
2.86500000000000000000 2.86500000000000000000 -602644.48119612
2.86500000000000000000 2.97000000000000000000 -602642.36767071
2.86500000000000000000 3.07500000000000000000 -602640.35968486
2.86500000000000000000 3.18000000000000000000 -602638.46946937
2.86500000000000000000 3.28500000000000000000 -602636.70976707
2.86500000000000000000 3.39000000000000000000 -602635.08476847
2.86500000000000000000 3.49500000000000000000 -602633.59229234
2.86500000000000000000 3.60000000000000000000 -602632.22957891
2.86500000000000000000 3.70500000000000000000 -602630.99651082
2.86500000000000000000 3.81000000000000000000 -602629.88771031
2.86500000000000000000 3.91500000000000000000 -602628.89297159
2.86500000000000000000 4.02000000000000000000 -602628.00263162
2.86500000000000000000 4.12500000000000000000 -602627.20959891
2.86500000000000000000 4.23000000000000000000 -602626.50742394
2.86500000000000000000 4.33500000000000000000 -602625.88674112
2.86500000000000000000 4.44000000000000000000 -602625.33681627
2.86500000000000000000 4.54500000000000000000 -602624.84807484
2.86500000000000000000 4.65000000000000000000 -602624.41364437
2.86500000000000000000 4.75500000000000000000 -602624.02801405
2.86500000000000000000 4.86000000000000000000 -602623.59835516
2.86500000000000000000 4.96500000000000000000 -602623.38524227
2.86500000000000000000 5.07000000000000000000 -602623.11773497
2.86500000000000000000 5.17500000000000000000 -602622.88073906
2.86500000000000000000 5.28000000000000000000 -602622.67130275
2.86500000000000000000 5.38500000000000000000 -602622.48753784
2.86500000000000000000 5.49000000000000000000 -602622.32659358
2.97000000000000000000 1.50000000000000000000 -602619.40741499
2.97000000000000000000 1.60500000000000000000 -602642.65189109
2.97000000000000000000 1.71000000000000000000 -602654.67407640
2.97000000000000000000 1.81500000000000000000 -602660.06759523
2.97000000000000000000 1.92000000000000000000 -602661.65826279
2.97000000000000000000 2.02500000000000000000 -602661.15618679
2.97000000000000000000 2.13000000000000000000 -602659.53359594
2.97000000000000000000 2.23500000000000000000 -602657.33010072
2.97000000000000000000 2.34000000000000000000 -602654.88444959
2.97000000000000000000 2.44500000000000000000 -602652.32070493
2.97000000000000000000 2.55000000000000000000 -602649.74166034
2.97000000000000000000 2.65500000000000000000 -602647.19793575
2.97000000000000000000 2.76000000000000000000 -602644.73079116
2.97000000000000000000 2.86500000000000000000 -602642.36767071
2.97000000000000000000 2.97000000000000000000 -602640.12386428
2.97000000000000000000 3.07500000000000000000 -602638.00621236
2.97000000000000000000 3.18000000000000000000 -602636.02433719
2.97000000000000000000 3.28500000000000000000 -602634.18867674
2.97000000000000000000 3.39000000000000000000 -602632.50058206
2.97000000000000000000 3.49500000000000000000 -602630.95446768
2.97000000000000000000 3.60000000000000000000 -602629.54847429
2.97000000000000000000 3.70500000000000000000 -602628.28035101
2.97000000000000000000 3.81000000000000000000 -602627.14260412
2.97000000000000000000 3.91500000000000000000 -602626.12400246
2.97000000000000000000 4.02000000000000000000 -602625.21416326
2.97000000000000000000 4.12500000000000000000 -602624.40620148
2.97000000000000000000 4.23000000000000000000 -602623.69227325
2.97000000000000000000 4.33500000000000000000 -602623.06239302
2.97000000000000000000 4.44000000000000000000 -602622.50555866
2.97000000000000000000 4.54500000000000000000 -602622.01136230
2.97000000000000000000 4.65000000000000000000 -602621.57333620
2.97000000000000000000 4.75500000000000000000 -602621.18577629
2.97000000000000000000 4.86000000000000000000 -602620.84314230
2.97000000000000000000 4.96500000000000000000 -602620.54087599
2.97000000000000000000 5.07000000000000000000 -602620.27312333
2.97000000000000000000 5.17500000000000000000 -602620.03601887
2.97000000000000000000 5.28000000000000000000 -602619.82706323
2.97000000000000000000 5.38500000000000000000 -602619.64482694
2.97000000000000000000 5.49000000000000000000 -602619.48746387
3.07500000000000000000 1.50000000000000000000 -602620.75183402
3.07500000000000000000 1.60500000000000000000 -602643.76939578
3.07500000000000000000 1.71000000000000000000 -602655.51503891
3.07500000000000000000 1.81500000000000000000 -602660.59030437
3.07500000000000000000 1.92000000000000000000 -602661.83620377
3.07500000000000000000 2.02500000000000000000 -602660.95279151
3.07500000000000000000 2.13000000000000000000 -602659.03061821
3.07500000000000000000 2.23500000000000000000 -602656.53663190
3.07500000000000000000 2.34000000000000000000 -602653.80052984
3.07500000000000000000 2.44500000000000000000 -602650.99317533
3.07500000000000000000 2.55000000000000000000 -602648.20239209
3.07500000000000000000 2.65500000000000000000 -602645.47631826
3.07500000000000000000 2.76000000000000000000 -602642.85415623
3.07500000000000000000 2.86500000000000000000 -602640.35968486
3.07500000000000000000 2.97000000000000000000 -602638.00621236
3.07500000000000000000 3.07500000000000000000 -602635.79832458
3.07500000000000000000 3.18000000000000000000 -602633.73990203
3.07500000000000000000 3.28500000000000000000 -602631.84077967
3.07500000000000000000 3.39000000000000000000 -602630.09893315
3.07500000000000000000 3.49500000000000000000 -602628.50853981
3.07500000000000000000 3.60000000000000000000 -602627.06655436
3.07500000000000000000 3.70500000000000000000 -602625.76856853
3.07500000000000000000 3.81000000000000000000 -602624.60670771
3.07500000000000000000 3.91500000000000000000 -602623.56776658
3.07500000000000000000 4.02000000000000000000 -602622.64164225
3.07500000000000000000 4.12500000000000000000 -602621.82135744
3.07500000000000000000 4.23000000000000000000 -602621.09807305
3.07500000000000000000 4.33500000000000000000 -602620.46052654
3.07500000000000000000 4.44000000000000000000 -602619.89753694
3.07500000000000000000 4.54500000000000000000 -602619.39925737
3.07500000000000000000 4.65000000000000000000 -602618.95830393
3.07500000000000000000 4.75500000000000000000 -602618.56880879
3.07500000000000000000 4.86000000000000000000 -602618.22523479
3.07500000000000000000 4.96500000000000000000 -602617.92153148
3.07500000000000000000 5.07000000000000000000 -602617.65404175
3.07500000000000000000 5.17500000000000000000 -602617.41757484
3.07500000000000000000 5.28000000000000000000 -602617.20997713
3.07500000000000000000 5.38500000000000000000 -602617.02867143
3.07500000000000000000 5.49000000000000000000 -602616.87207079
3.18000000000000000000 1.50000000000000000000 -602621.60199707
3.18000000000000000000 1.60500000000000000000 -602644.44500577
3.18000000000000000000 1.71000000000000000000 -602655.97539180
3.18000000000000000000 1.81500000000000000000 -602660.78282742
3.18000000000000000000 1.92000000000000000000 -602661.75445811
3.18000000000000000000 2.02500000000000000000 -602660.42220148
3.18000000000000000000 2.13000000000000000000 -602658.38876949
3.18000000000000000000 2.23500000000000000000 -602655.55352846
3.18000000000000000000 2.34000000000000000000 -602652.67475332
3.18000000000000000000 2.44500000000000000000 -602649.66573044
3.18000000000000000000 2.55000000000000000000 -602646.69984757
3.18000000000000000000 2.65500000000000000000 -602643.82317585
3.18000000000000000000 2.76000000000000000000 -602641.07257393
3.18000000000000000000 2.86500000000000000000 -602638.46946937
3.18000000000000000000 2.97000000000000000000 -602636.02433719
3.18000000000000000000 3.07500000000000000000 -602633.73990203
3.18000000000000000000 3.18000000000000000000 -602631.61937800
3.18000000000000000000 3.28500000000000000000 -602629.66722105
3.18000000000000000000 3.39000000000000000000 -602627.88083139
3.18000000000000000000 3.49500000000000000000 -602626.25335539
3.18000000000000000000 3.60000000000000000000 -602624.78093948
3.18000000000000000000 3.70500000000000000000 -602623.45832077
3.18000000000000000000 3.81000000000000000000 -602622.27580986
3.18000000000000000000 3.91500000000000000000 -602621.21999187
3.18000000000000000000 4.02000000000000000000 -602620.28073251
3.18000000000000000000 4.12500000000000000000 -602619.44994884
3.18000000000000000000 4.23000000000000000000 -602618.71856769
3.18000000000000000000 4.33500000000000000000 -602618.07411418
3.18000000000000000000 4.44000000000000000000 -602617.50677029
3.18000000000000000000 4.54500000000000000000 -602617.00479219
3.18000000000000000000 4.65000000000000000000 -602616.56155022
3.18000000000000000000 4.75500000000000000000 -602616.17046371
3.18000000000000000000 4.86000000000000000000 -602615.82602877
3.18000000000000000000 4.96500000000000000000 -602615.52241959
3.18000000000000000000 5.07000000000000000000 -602615.25451759
3.18000000000000000000 5.17500000000000000000 -602615.01857088
3.18000000000000000000 5.28000000000000000000 -602614.81153855
3.18000000000000000000 5.38500000000000000000 -602614.63101034
3.18000000000000000000 5.49000000000000000000 -602614.47517526
3.28500000000000000000 1.50000000000000000000 -602622.10166154
3.28500000000000000000 1.60500000000000000000 -602644.80506507
3.28500000000000000000 1.71000000000000000000 -602656.16488775
3.28500000000000000000 1.81500000000000000000 -602660.77832316
3.28500000000000000000 1.92000000000000000000 -602661.50844615
3.28500000000000000000 2.02500000000000000000 -602660.10549931
3.28500000000000000000 2.13000000000000000000 -602657.66056605
3.28500000000000000000 2.23500000000000000000 -602654.69821481
3.28500000000000000000 2.34000000000000000000 -602651.54417260
3.28500000000000000000 2.44500000000000000000 -602648.36916466
3.28500000000000000000 2.55000000000000000000 -602645.25934932
3.28500000000000000000 2.65500000000000000000 -602642.25949434
3.28500000000000000000 2.76000000000000000000 -602639.40289728
3.28500000000000000000 2.86500000000000000000 -602636.70976707
3.28500000000000000000 2.97000000000000000000 -602634.18867674
3.28500000000000000000 3.07500000000000000000 -602631.84077967
3.28500000000000000000 3.18000000000000000000 -602629.66722105
3.28500000000000000000 3.28500000000000000000 -602627.67092633
3.28500000000000000000 3.39000000000000000000 -602625.84722120
3.28500000000000000000 3.49500000000000000000 -602624.18898718
3.28500000000000000000 3.60000000000000000000 -602622.69107620
3.28500000000000000000 3.70500000000000000000 -602621.34818202
3.28500000000000000000 3.81000000000000000000 -602620.14878421
3.28500000000000000000 3.91500000000000000000 -602619.07905370
3.28500000000000000000 4.02000000000000000000 -602618.12867864
3.28500000000000000000 4.12500000000000000000 -602617.28947317
3.28500000000000000000 4.23000000000000000000 -602616.55119443
3.28500000000000000000 4.33500000000000000000 -602615.90220968
3.28500000000000000000 4.44000000000000000000 -602615.33024042
3.28500000000000000000 4.54500000000000000000 -602614.82531050
3.28500000000000000000 4.65000000000000000000 -602614.38026320
3.28500000000000000000 4.75500000000000000000 -602613.98807478
3.28500000000000000000 4.86000000000000000000 -602613.64273308
3.28500000000000000000 4.96500000000000000000 -602613.33878631
3.28500000000000000000 5.07000000000000000000 -602613.07090689
3.28500000000000000000 5.17500000000000000000 -602612.83532979
3.28500000000000000000 5.28000000000000000000 -602612.62873734
3.28500000000000000000 5.38500000000000000000 -602612.44874879
3.28500000000000000000 5.49000000000000000000 -602612.29355001
3.39000000000000000000 1.50000000000000000000 -602622.33635512
3.39000000000000000000 1.60500000000000000000 -602644.94395363
3.39000000000000000000 1.71000000000000000000 -602656.16481558
3.39000000000000000000 1.81500000000000000000 -602660.57265378
3.39000000000000000000 1.92000000000000000000 -602661.03909163
3.39000000000000000000 2.02500000000000000000 -602659.41346803
3.39000000000000000000 2.13000000000000000000 -602656.89183366
3.39000000000000000000 2.23500000000000000000 -602653.65929000
3.39000000000000000000 2.34000000000000000000 -602650.44107490
3.39000000000000000000 2.44500000000000000000 -602647.12953408
3.39000000000000000000 2.55000000000000000000 -602643.90000623
3.39000000000000000000 2.65500000000000000000 -602640.79763064
3.39000000000000000000 2.76000000000000000000 -602637.85296827
3.39000000000000000000 2.86500000000000000000 -602635.08476847
3.39000000000000000000 2.97000000000000000000 -602632.50058206
3.39000000000000000000 3.07500000000000000000 -602630.09893315
3.39000000000000000000 3.18000000000000000000 -602627.88083139
3.39000000000000000000 3.28500000000000000000 -602625.84722120
3.39000000000000000000 3.39000000000000000000 -602623.99294757
3.39000000000000000000 3.49500000000000000000 -602622.30916952
3.39000000000000000000 3.60000000000000000000 -602620.79009515
3.39000000000000000000 3.70500000000000000000 -602619.43050107
3.39000000000000000000 3.81000000000000000000 -602618.21671446
3.39000000000000000000 3.91500000000000000000 -602617.13545661
3.39000000000000000000 4.02000000000000000000 -602616.17627194
3.39000000000000000000 4.12500000000000000000 -602615.32999318
3.39000000000000000000 4.23000000000000000000 -602614.58641575
3.39000000000000000000 4.33500000000000000000 -602613.93328818
3.39000000000000000000 4.44000000000000000000 -602613.35815941
3.39000000000000000000 4.54500000000000000000 -602612.85109408
3.39000000000000000000 4.65000000000000000000 -602612.40430481
3.39000000000000000000 4.75500000000000000000 -602612.01142048
3.39000000000000000000 4.86000000000000000000 -602611.66578448
3.39000000000000000000 4.96500000000000000000 -602611.36162561
3.39000000000000000000 5.07000000000000000000 -602611.09398465
3.39000000000000000000 5.17500000000000000000 -602610.85861462
3.39000000000000000000 5.28000000000000000000 -602610.65247210
3.39000000000000000000 5.38500000000000000000 -602610.47313114
3.39000000000000000000 5.49000000000000000000 -602610.31848143
3.49500000000000000000 1.50000000000000000000 -602622.41365488
3.49500000000000000000 1.60500000000000000000 -602644.91824143
3.49500000000000000000 1.71000000000000000000 -602656.03124140
3.49500000000000000000 1.81500000000000000000 -602660.32929744
3.49500000000000000000 1.92000000000000000000 -602660.64752696
3.49500000000000000000 2.02500000000000000000 -602658.92552857
3.49500000000000000000 2.13000000000000000000 -602656.11553726
3.49500000000000000000 2.23500000000000000000 -602652.82654850
3.49500000000000000000 2.34000000000000000000 -602649.38464572
3.49500000000000000000 2.44500000000000000000 -602645.95773099
3.49500000000000000000 2.55000000000000000000 -602642.62878055
3.49500000000000000000 2.65500000000000000000 -602639.44022468
3.49500000000000000000 2.76000000000000000000 -602636.42273481
3.49500000000000000000 2.86500000000000000000 -602633.59229234
3.49500000000000000000 2.97000000000000000000 -602630.95446768
3.49500000000000000000 3.07500000000000000000 -602628.50853981
3.49500000000000000000 3.18000000000000000000 -602626.25335539
3.49500000000000000000 3.28500000000000000000 -602624.18898718
3.49500000000000000000 3.39000000000000000000 -602622.30916952
3.49500000000000000000 3.49500000000000000000 -602620.60466923
3.49500000000000000000 3.60000000000000000000 -602619.06863767
3.49500000000000000000 3.70500000000000000000 -602617.69471566
3.49500000000000000000 3.81000000000000000000 -602616.46934900
3.49500000000000000000 3.91500000000000000000 -602615.37899790
3.49500000000000000000 4.02000000000000000000 -602614.41222037
3.49500000000000000000 4.12500000000000000000 -602613.56033105
3.49500000000000000000 4.23000000000000000000 -602612.81253488
3.49500000000000000000 4.33500000000000000000 -602612.15605766
3.49500000000000000000 4.44000000000000000000 -602611.57842261
3.49500000000000000000 4.54500000000000000000 -602611.06955947
3.49500000000000000000 4.65000000000000000000 -602610.62173481
3.49500000000000000000 4.75500000000000000000 -602610.22823991
3.49500000000000000000 4.86000000000000000000 -602609.88226067
3.49500000000000000000 4.96500000000000000000 -602609.57803339
3.49500000000000000000 5.07000000000000000000 -602609.31051103
3.49500000000000000000 5.17500000000000000000 -602609.07569698
3.49500000000000000000 5.28000000000000000000 -602608.86990273
3.49500000000000000000 5.38500000000000000000 -602608.69085670
3.49500000000000000000 5.49000000000000000000 -602608.53650881
3.60000000000000000000 1.50000000000000000000 -602622.37068491
3.60000000000000000000 1.60500000000000000000 -602644.80556143
3.60000000000000000000 1.71000000000000000000 -602655.81133572
3.60000000000000000000 1.81500000000000000000 -602659.99240077
3.60000000000000000000 1.92000000000000000000 -602660.16938480
3.60000000000000000000 2.02500000000000000000 -602658.22128783
3.60000000000000000000 2.13000000000000000000 -602655.35245371
3.60000000000000000000 2.23500000000000000000 -602651.93614954
3.60000000000000000000 2.34000000000000000000 -602648.38303388
3.60000000000000000000 2.44500000000000000000 -602644.86013468
3.60000000000000000000 2.55000000000000000000 -602641.44819861
3.60000000000000000000 2.65500000000000000000 -602638.18866577
3.60000000000000000000 2.76000000000000000000 -602635.11109374
3.60000000000000000000 2.86500000000000000000 -602632.22957891
3.60000000000000000000 2.97000000000000000000 -602629.54847429
3.60000000000000000000 3.07500000000000000000 -602627.06655436
3.60000000000000000000 3.18000000000000000000 -602624.78093948
3.60000000000000000000 3.28500000000000000000 -602622.69107620
3.60000000000000000000 3.39000000000000000000 -602620.79009515
3.60000000000000000000 3.49500000000000000000 -602619.06863767
3.60000000000000000000 3.60000000000000000000 -602617.51956835
3.60000000000000000000 3.70500000000000000000 -602616.13427210
3.60000000000000000000 3.81000000000000000000 -602614.89988813
3.60000000000000000000 3.91500000000000000000 -602613.80176282
3.60000000000000000000 4.02000000000000000000 -602612.82916388
3.60000000000000000000 4.12500000000000000000 -602611.97274080
3.60000000000000000000 4.23000000000000000000 -602611.22143308
3.60000000000000000000 4.33500000000000000000 -602610.56227640
3.60000000000000000000 4.44000000000000000000 -602609.98274690
3.60000000000000000000 4.54500000000000000000 -602609.47283331
3.60000000000000000000 4.65000000000000000000 -602609.02422363
3.60000000000000000000 4.75500000000000000000 -602608.63024681
3.60000000000000000000 4.86000000000000000000 -602608.28394252
3.60000000000000000000 4.96500000000000000000 -602607.97983384
3.60000000000000000000 5.07000000000000000000 -602607.71242318
3.60000000000000000000 5.17500000000000000000 -602607.47767627
3.60000000000000000000 5.28000000000000000000 -602607.27229178
3.60000000000000000000 5.38500000000000000000 -602607.09350491
3.60000000000000000000 5.49000000000000000000 -602606.93939548
3.70500000000000000000 1.50000000000000000000 -602622.24122970
3.70500000000000000000 1.60500000000000000000 -602644.61874307
3.70500000000000000000 1.71000000000000000000 -602655.54656310
3.70500000000000000000 1.81500000000000000000 -602659.83832836
3.70500000000000000000 1.92000000000000000000 -602659.73573118
3.70500000000000000000 2.02500000000000000000 -602657.51641143
3.70500000000000000000 2.13000000000000000000 -602654.61258675
3.70500000000000000000 2.23500000000000000000 -602650.69170533
3.70500000000000000000 2.34000000000000000000 -602647.44304912
3.70500000000000000000 2.44500000000000000000 -602643.84137363
3.70500000000000000000 2.55000000000000000000 -602640.36243900
3.70500000000000000000 2.65500000000000000000 -602637.04575009
3.70500000000000000000 2.76000000000000000000 -602633.91945760
3.70500000000000000000 2.86500000000000000000 -602630.99651082
3.70500000000000000000 2.97000000000000000000 -602628.28035101
3.70500000000000000000 3.07500000000000000000 -602625.76856853
3.70500000000000000000 3.18000000000000000000 -602623.45832077
3.70500000000000000000 3.28500000000000000000 -602621.34818202
3.70500000000000000000 3.39000000000000000000 -602619.43050107
3.70500000000000000000 3.49500000000000000000 -602617.69471566
3.70500000000000000000 3.60000000000000000000 -602616.13427210
3.70500000000000000000 3.70500000000000000000 -602614.73977343
3.70500000000000000000 3.81000000000000000000 -602613.49791895
3.70500000000000000000 3.91500000000000000000 -602612.39391701
3.70500000000000000000 4.02000000000000000000 -602611.41649441
3.70500000000000000000 4.12500000000000000000 -602610.55656857
3.70500000000000000000 4.23000000000000000000 -602609.80289578
3.70500000000000000000 4.33500000000000000000 -602609.14175177
3.70500000000000000000 4.44000000000000000000 -602608.56097855
3.70500000000000000000 4.54500000000000000000 -602608.05011491
3.70500000000000000000 4.65000000000000000000 -602607.60109358
3.70500000000000000000 4.75500000000000000000 -602607.20665366
3.70500000000000000000 4.86000000000000000000 -602606.86034999
3.70500000000000000000 4.96500000000000000000 -602606.55626579
3.70500000000000000000 5.07000000000000000000 -602606.28922347
3.70500000000000000000 5.17500000000000000000 -602606.05493464
3.70500000000000000000 5.28000000000000000000 -602605.84976602
3.70500000000000000000 5.38500000000000000000 -602605.67121008
3.70500000000000000000 5.49000000000000000000 -602605.51734788
3.81000000000000000000 1.50000000000000000000 -602622.05920300
3.81000000000000000000 1.60500000000000000000 -602644.39126334
3.81000000000000000000 1.71000000000000000000 -602655.25485590
3.81000000000000000000 1.81500000000000000000 -602659.47278148
3.81000000000000000000 1.92000000000000000000 -602658.75983280
3.81000000000000000000 2.02500000000000000000 -602657.09935167
3.81000000000000000000 2.13000000000000000000 -602653.90539421
3.81000000000000000000 2.23500000000000000000 -602650.25219140
3.81000000000000000000 2.34000000000000000000 -602646.57159405
3.81000000000000000000 2.44500000000000000000 -602642.90619748
3.81000000000000000000 2.55000000000000000000 -602639.37312572
3.81000000000000000000 2.65500000000000000000 -602636.01015673
3.81000000000000000000 2.76000000000000000000 -602632.84403997
3.81000000000000000000 2.86500000000000000000 -602629.88771031
3.81000000000000000000 2.97000000000000000000 -602627.14260412
3.81000000000000000000 3.07500000000000000000 -602624.60670771
3.81000000000000000000 3.18000000000000000000 -602622.27580986
3.81000000000000000000 3.28500000000000000000 -602620.14878421
3.81000000000000000000 3.39000000000000000000 -602618.21671446
3.81000000000000000000 3.49500000000000000000 -602616.46934900
3.81000000000000000000 3.60000000000000000000 -602614.89988813
3.81000000000000000000 3.70500000000000000000 -602613.49791895
3.81000000000000000000 3.81000000000000000000 -602612.24911041
3.81000000000000000000 3.91500000000000000000 -602611.14016747
3.81000000000000000000 4.02000000000000000000 -602610.15916994
3.81000000000000000000 4.12500000000000000000 -602609.29661233
3.81000000000000000000 4.23000000000000000000 -602608.54082733
3.81000000000000000000 4.33500000000000000000 -602607.87839756
3.81000000000000000000 4.44000000000000000000 -602607.29673327
3.81000000000000000000 4.54500000000000000000 -602606.78532558
3.81000000000000000000 4.65000000000000000000 -602606.33592085
3.81000000000000000000 4.75500000000000000000 -602605.94152925
3.81000000000000000000 4.86000000000000000000 -602605.59546152
3.81000000000000000000 4.96500000000000000000 -602605.29150533
3.81000000000000000000 5.07000000000000000000 -602605.02489161
3.81000000000000000000 5.17500000000000000000 -602604.79096108
3.81000000000000000000 5.28000000000000000000 -602604.58602213
3.81000000000000000000 5.38500000000000000000 -602604.40768456
3.81000000000000000000 5.49000000000000000000 -602604.25412357
3.91500000000000000000 1.50000000000000000000 -602621.85078576
3.91500000000000000000 1.60500000000000000000 -602644.14285367
3.91500000000000000000 1.71000000000000000000 -602654.94904981
3.91500000000000000000 1.81500000000000000000 -602658.85868814
3.91500000000000000000 1.92000000000000000000 -602658.61348692
3.91500000000000000000 2.02500000000000000000 -602656.48634517
3.91500000000000000000 2.13000000000000000000 -602653.24041737
3.91500000000000000000 2.23500000000000000000 -602649.55306048
3.91500000000000000000 2.34000000000000000000 -602645.77130231
3.91500000000000000000 2.44500000000000000000 -602642.05434078
3.91500000000000000000 2.55000000000000000000 -602638.47671083
3.91500000000000000000 2.65500000000000000000 -602635.07592811
3.91500000000000000000 2.76000000000000000000 -602631.87750278
3.91500000000000000000 2.86500000000000000000 -602628.89297159
3.91500000000000000000 2.97000000000000000000 -602626.12400246
3.91500000000000000000 3.07500000000000000000 -602623.56776658
3.91500000000000000000 3.18000000000000000000 -602621.21999187
3.91500000000000000000 3.28500000000000000000 -602619.07905370
3.91500000000000000000 3.39000000000000000000 -602617.13545661
3.91500000000000000000 3.49500000000000000000 -602615.37899790
3.91500000000000000000 3.60000000000000000000 -602613.80176282
3.91500000000000000000 3.70500000000000000000 -602612.39391701
3.91500000000000000000 3.81000000000000000000 -602611.14016747
3.91500000000000000000 3.91500000000000000000 -602610.02662488
3.91500000000000000000 4.02000000000000000000 -602609.04311731
3.91500000000000000000 4.12500000000000000000 -602608.17863136
3.91500000000000000000 4.23000000000000000000 -602607.42122928
3.91500000000000000000 4.33500000000000000000 -602606.75797433
3.91500000000000000000 4.44000000000000000000 -602606.17560347
3.91500000000000000000 4.54500000000000000000 -602605.66383558
3.91500000000000000000 4.65000000000000000000 -602605.21364207
3.91500000000000000000 4.75500000000000000000 -602604.82007690
3.91500000000000000000 4.86000000000000000000 -602604.47425892
3.91500000000000000000 4.96500000000000000000 -602604.17074262
3.91500000000000000000 5.07000000000000000000 -602603.90438680
3.91500000000000000000 5.17500000000000000000 -602603.67059056
3.91500000000000000000 5.28000000000000000000 -602603.46602560
3.91500000000000000000 5.38500000000000000000 -602603.28791707
3.91500000000000000000 5.49000000000000000000 -602603.13446715
4.02000000000000000000 1.50000000000000000000 -602621.92897846
4.02000000000000000000 1.60500000000000000000 -602643.88029616
4.02000000000000000000 1.71000000000000000000 -602654.63532079
4.02000000000000000000 1.81500000000000000000 -602658.47146395
4.02000000000000000000 1.92000000000000000000 -602658.28155573
4.02000000000000000000 2.02500000000000000000 -602655.87589891
4.02000000000000000000 2.13000000000000000000 -602652.62137486
4.02000000000000000000 2.23500000000000000000 -602648.87170941
4.02000000000000000000 2.34000000000000000000 -602645.03920267
4.02000000000000000000 2.44500000000000000000 -602641.27978572
4.02000000000000000000 2.55000000000000000000 -602637.66596981
4.02000000000000000000 2.65500000000000000000 -602634.23441277
4.02000000000000000000 2.76000000000000000000 -602631.01035681
4.02000000000000000000 2.86500000000000000000 -602628.00263162
4.02000000000000000000 2.97000000000000000000 -602625.21416326
4.02000000000000000000 3.07500000000000000000 -602622.64164225
4.02000000000000000000 3.18000000000000000000 -602620.28073251
4.02000000000000000000 3.28500000000000000000 -602618.12867864
4.02000000000000000000 3.39000000000000000000 -602616.17627194
4.02000000000000000000 3.49500000000000000000 -602614.41222037
4.02000000000000000000 3.60000000000000000000 -602612.82916388
4.02000000000000000000 3.70500000000000000000 -602611.41649441
4.02000000000000000000 3.81000000000000000000 -602610.15916994
4.02000000000000000000 3.91500000000000000000 -602609.04311731
4.02000000000000000000 4.02000000000000000000 -602608.05800019
4.02000000000000000000 4.12500000000000000000 -602607.19204900
4.02000000000000000000 4.23000000000000000000 -602606.43387508
4.02000000000000000000 4.33500000000000000000 -602605.76993803
4.02000000000000000000 4.44000000000000000000 -602605.18722329
4.02000000000000000000 4.54500000000000000000 -602604.67546796
4.02000000000000000000 4.65000000000000000000 -602604.22601240
4.02000000000000000000 4.75500000000000000000 -602603.83179462
4.02000000000000000000 4.86000000000000000000 -602603.48614670
4.02000000000000000000 4.96500000000000000000 -602603.18286382
4.02000000000000000000 5.07000000000000000000 -602602.91678536
4.02000000000000000000 5.17500000000000000000 -602602.68342713
4.02000000000000000000 5.28000000000000000000 -602602.47903725
4.02000000000000000000 5.38500000000000000000 -602602.30094566
4.02000000000000000000 5.49000000000000000000 -602602.14781640
4.12500000000000000000 1.50000000000000000000 -602621.43967856
4.12500000000000000000 1.60500000000000000000 -602643.61241424
4.12500000000000000000 1.71000000000000000000 -602654.32434842
4.12500000000000000000 1.81500000000000000000 -602658.27761560
4.12500000000000000000 1.92000000000000000000 -602657.74504766
4.12500000000000000000 2.02500000000000000000 -602655.43972082
4.12500000000000000000 2.13000000000000000000 -602652.04447651
4.12500000000000000000 2.23500000000000000000 -602648.24301454
4.12500000000000000000 2.34000000000000000000 -602644.37045638
4.12500000000000000000 2.44500000000000000000 -602640.57683138
4.12500000000000000000 2.55000000000000000000 -602636.93477378
4.12500000000000000000 2.65500000000000000000 -602633.47920446
4.12500000000000000000 2.76000000000000000000 -602630.23469420
4.12500000000000000000 2.86500000000000000000 -602627.20959891
4.12500000000000000000 2.97000000000000000000 -602624.40620148
4.12500000000000000000 3.07500000000000000000 -602621.82135744
4.12500000000000000000 3.18000000000000000000 -602619.44994884
4.12500000000000000000 3.28500000000000000000 -602617.28947317
4.12500000000000000000 3.39000000000000000000 -602615.32999318
4.12500000000000000000 3.49500000000000000000 -602613.56033105
4.12500000000000000000 3.60000000000000000000 -602611.97274080
4.12500000000000000000 3.70500000000000000000 -602610.55656857
4.12500000000000000000 3.81000000000000000000 -602609.29661233
4.12500000000000000000 3.91500000000000000000 -602608.17863136
4.12500000000000000000 4.02000000000000000000 -602607.19204900
4.12500000000000000000 4.12500000000000000000 -602606.32643040
4.12500000000000000000 4.23000000000000000000 -602605.56759445
4.12500000000000000000 4.33500000000000000000 -602604.90326897
4.12500000000000000000 4.44000000000000000000 -602604.32059000
4.12500000000000000000 4.54500000000000000000 -602603.80884408
4.12500000000000000000 4.65000000000000000000 -602603.35969537
4.12500000000000000000 4.75500000000000000000 -602602.96566459
4.12500000000000000000 4.86000000000000000000 -602602.62013903
4.12500000000000000000 4.96500000000000000000 -602602.31734938
4.12500000000000000000 5.07000000000000000000 -602602.05163864
4.12500000000000000000 5.17500000000000000000 -602601.81855777
4.12500000000000000000 5.28000000000000000000 -602601.61427393
4.12500000000000000000 5.38500000000000000000 -602601.43636746
4.12500000000000000000 5.49000000000000000000 -602601.28312211
4.23000000000000000000 1.50000000000000000000 -602621.15653937
4.23000000000000000000 1.60500000000000000000 -602643.35098249
4.23000000000000000000 1.71000000000000000000 -602654.02578128
4.23000000000000000000 1.81500000000000000000 -602657.82777663
4.23000000000000000000 1.92000000000000000000 -602657.37686273
4.23000000000000000000 2.02500000000000000000 -602654.93906237
4.23000000000000000000 2.13000000000000000000 -602651.50660423
4.23000000000000000000 2.23500000000000000000 -602647.60926634
4.23000000000000000000 2.34000000000000000000 -602643.76018959
4.23000000000000000000 2.44500000000000000000 -602639.94106135
4.23000000000000000000 2.55000000000000000000 -602636.27853689
4.23000000000000000000 2.65500000000000000000 -602632.80490221
4.23000000000000000000 2.76000000000000000000 -602629.54516355
4.23000000000000000000 2.86500000000000000000 -602626.50742394
4.23000000000000000000 2.97000000000000000000 -602623.69227325
4.23000000000000000000 3.07500000000000000000 -602621.09807305
4.23000000000000000000 3.18000000000000000000 -602618.71856769
4.23000000000000000000 3.28500000000000000000 -602616.55119443
4.23000000000000000000 3.39000000000000000000 -602614.58641575
4.23000000000000000000 3.49500000000000000000 -602612.81253488
4.23000000000000000000 3.60000000000000000000 -602611.22143308
4.23000000000000000000 3.70500000000000000000 -602609.80289578
4.23000000000000000000 3.81000000000000000000 -602608.54082733
4.23000000000000000000 3.91500000000000000000 -602607.42122928
4.23000000000000000000 4.02000000000000000000 -602606.43387508
4.23000000000000000000 4.12500000000000000000 -602605.56759445
4.23000000000000000000 4.23000000000000000000 -602604.80913501
4.23000000000000000000 4.33500000000000000000 -602604.14444495
4.23000000000000000000 4.44000000000000000000 -602603.56207095
4.23000000000000000000 4.54500000000000000000 -602603.05039343
4.23000000000000000000 4.65000000000000000000 -602602.60163127
4.23000000000000000000 4.75500000000000000000 -602602.20786090
4.23000000000000000000 4.86000000000000000000 -602601.86273130
4.23000000000000000000 4.96500000000000000000 -602601.56018199
4.23000000000000000000 5.07000000000000000000 -602601.29484964
4.23000000000000000000 5.17500000000000000000 -602601.06202792
4.23000000000000000000 5.28000000000000000000 -602600.85798129
4.23000000000000000000 5.38500000000000000000 -602600.68009991
4.23000000000000000000 5.49000000000000000000 -602600.52678240
4.33500000000000000000 1.50000000000000000000 -602620.93155086
4.33500000000000000000 1.60500000000000000000 -602643.10045496
4.33500000000000000000 1.71000000000000000000 -602653.73998082
4.33500000000000000000 1.81500000000000000000 -602657.42796836
4.33500000000000000000 1.92000000000000000000 -602656.87292115
4.33500000000000000000 2.02500000000000000000 -602654.40700522
4.33500000000000000000 2.13000000000000000000 -602651.00717569
4.33500000000000000000 2.23500000000000000000 -602647.08553750
4.33500000000000000000 2.34000000000000000000 -602643.20628005
4.33500000000000000000 2.44500000000000000000 -602639.36983820
4.33500000000000000000 2.55000000000000000000 -602635.69117168
4.33500000000000000000 2.65500000000000000000 -602632.20483119
4.33500000000000000000 2.76000000000000000000 -602628.93452840
4.33500000000000000000 2.86500000000000000000 -602625.88674112
4.33500000000000000000 2.97000000000000000000 -602623.06239302
4.33500000000000000000 3.07500000000000000000 -602620.46052654
4.33500000000000000000 3.18000000000000000000 -602618.07411418
4.33500000000000000000 3.28500000000000000000 -602615.90220968
4.33500000000000000000 3.39000000000000000000 -602613.93328818
4.33500000000000000000 3.49500000000000000000 -602612.15605766
4.33500000000000000000 3.60000000000000000000 -602610.56227640
4.33500000000000000000 3.70500000000000000000 -602609.14175177
4.33500000000000000000 3.81000000000000000000 -602607.87839756
4.33500000000000000000 3.91500000000000000000 -602606.75797433
4.33500000000000000000 4.02000000000000000000 -602605.76993803
4.33500000000000000000 4.12500000000000000000 -602604.90326897
4.33500000000000000000 4.23000000000000000000 -602604.14444495
4.33500000000000000000 4.33500000000000000000 -602603.47992180
4.33500000000000000000 4.44000000000000000000 -602602.89746686
4.33500000000000000000 4.54500000000000000000 -602602.38625620
4.33500000000000000000 4.65000000000000000000 -602601.93754110
4.33500000000000000000 4.75500000000000000000 -602601.54406943
4.33500000000000000000 4.86000000000000000000 -602601.19925296
4.33500000000000000000 4.96500000000000000000 -602600.89705379
4.33500000000000000000 5.07000000000000000000 -602600.63206155
4.33500000000000000000 5.17500000000000000000 -602600.39953665
4.33500000000000000000 5.28000000000000000000 -602600.19563622
4.33500000000000000000 5.38500000000000000000 -602600.01779752
4.33500000000000000000 5.49000000000000000000 -602599.86455217
4.44000000000000000000 1.50000000000000000000 -602620.71444449
4.44000000000000000000 1.60500000000000000000 -602642.85713502
4.44000000000000000000 1.71000000000000000000 -602653.46247290
4.44000000000000000000 1.81500000000000000000 -602657.11543851
4.44000000000000000000 1.92000000000000000000 -602656.58957613
4.44000000000000000000 2.02500000000000000000 -602654.02783449
4.44000000000000000000 2.13000000000000000000 -602650.54487250
4.44000000000000000000 2.23500000000000000000 -602646.58139135
4.44000000000000000000 2.34000000000000000000 -602642.70545405
4.44000000000000000000 2.44500000000000000000 -602638.85612441
4.44000000000000000000 2.55000000000000000000 -602635.16708202
4.44000000000000000000 2.65500000000000000000 -602631.67098752
4.44000000000000000000 2.76000000000000000000 -602628.39260304
4.44000000000000000000 2.86500000000000000000 -602625.33681627
4.44000000000000000000 2.97000000000000000000 -602622.50555866
4.44000000000000000000 3.07500000000000000000 -602619.89753694
4.44000000000000000000 3.18000000000000000000 -602617.50677029
4.44000000000000000000 3.28500000000000000000 -602615.33024042
4.44000000000000000000 3.39000000000000000000 -602613.35815941
4.44000000000000000000 3.49500000000000000000 -602611.57842261
4.44000000000000000000 3.60000000000000000000 -602609.98274690
4.44000000000000000000 3.70500000000000000000 -602608.56097855
4.44000000000000000000 3.81000000000000000000 -602607.29673327
4.44000000000000000000 3.91500000000000000000 -602606.17560347
4.44000000000000000000 4.02000000000000000000 -602605.18722329
4.44000000000000000000 4.12500000000000000000 -602604.32059000
4.44000000000000000000 4.23000000000000000000 -602603.56207095
4.44000000000000000000 4.33500000000000000000 -602602.89746686
4.44000000000000000000 4.44000000000000000000 -602602.31474773
4.44000000000000000000 4.54500000000000000000 -602601.80384455
4.44000000000000000000 4.65000000000000000000 -602601.35550910
4.44000000000000000000 4.75500000000000000000 -602600.96224952
4.44000000000000000000 4.86000000000000000000 -602600.61783026
4.44000000000000000000 4.96500000000000000000 -602600.31591348
4.44000000000000000000 5.07000000000000000000 -602600.05123311
4.44000000000000000000 5.17500000000000000000 -602599.81892784
4.44000000000000000000 5.28000000000000000000 -602599.61531983
4.44000000000000000000 5.38500000000000000000 -602599.43734370
4.44000000000000000000 5.49000000000000000000 -602599.28402054
4.54500000000000000000 1.50000000000000000000 -602620.50106240
4.54500000000000000000 1.60500000000000000000 -602642.61908427
4.54500000000000000000 1.71000000000000000000 -602653.19302974
4.54500000000000000000 1.81500000000000000000 -602656.81341066
4.54500000000000000000 1.92000000000000000000 -602656.25473895
4.54500000000000000000 2.02500000000000000000 -602653.57522193
4.54500000000000000000 2.13000000000000000000 -602650.11890399
4.54500000000000000000 2.23500000000000000000 -602646.20249923
4.54500000000000000000 2.34000000000000000000 -602642.25135429
4.54500000000000000000 2.44500000000000000000 -602638.39343028
4.54500000000000000000 2.55000000000000000000 -602634.69684523
4.54500000000000000000 2.65500000000000000000 -602631.19388389
4.54500000000000000000 2.76000000000000000000 -602627.90958137
4.54500000000000000000 2.86500000000000000000 -602624.84807484
4.54500000000000000000 2.97000000000000000000 -602622.01136230
4.54500000000000000000 3.07500000000000000000 -602619.39925737
4.54500000000000000000 3.18000000000000000000 -602617.00479219
4.54500000000000000000 3.28500000000000000000 -602614.82531050
4.54500000000000000000 3.39000000000000000000 -602612.85109408
4.54500000000000000000 3.49500000000000000000 -602611.06955947
4.54500000000000000000 3.60000000000000000000 -602609.47283331
4.54500000000000000000 3.70500000000000000000 -602608.05011491
4.54500000000000000000 3.81000000000000000000 -602606.78532558
4.54500000000000000000 3.91500000000000000000 -602605.66383558
4.54500000000000000000 4.02000000000000000000 -602604.67546796
4.54500000000000000000 4.12500000000000000000 -602603.80884408
4.54500000000000000000 4.23000000000000000000 -602603.05039343
4.54500000000000000000 4.33500000000000000000 -602602.38625620
4.54500000000000000000 4.44000000000000000000 -602601.80384455
4.54500000000000000000 4.54500000000000000000 -602601.29372388
4.54500000000000000000 4.65000000000000000000 -602600.84567206
4.54500000000000000000 4.75500000000000000000 -602600.45291700
4.54500000000000000000 4.86000000000000000000 -602600.10872114
4.54500000000000000000 4.96500000000000000000 -602599.80706791
4.54500000000000000000 5.07000000000000000000 -602599.54258772
4.54500000000000000000 5.17500000000000000000 -602599.31057675
4.54500000000000000000 5.28000000000000000000 -602599.10704216
4.54500000000000000000 5.38500000000000000000 -602598.92917773
4.54500000000000000000 5.49000000000000000000 -602598.77561046
4.65000000000000000000 1.50000000000000000000 -602620.29289239
4.65000000000000000000 1.60500000000000000000 -602642.38897089
4.65000000000000000000 1.71000000000000000000 -602652.93631936
4.65000000000000000000 1.81500000000000000000 -602656.51168526
4.65000000000000000000 1.92000000000000000000 -602655.91307760
4.65000000000000000000 2.02500000000000000000 -602653.21953072
4.65000000000000000000 2.13000000000000000000 -602649.72279176
4.65000000000000000000 2.23500000000000000000 -602645.74139709
4.65000000000000000000 2.34000000000000000000 -602641.83764041
4.65000000000000000000 2.44500000000000000000 -602637.97487517
4.65000000000000000000 2.55000000000000000000 -602634.27364153
4.65000000000000000000 2.65500000000000000000 -602630.76562434
4.65000000000000000000 2.76000000000000000000 -602627.47791445
4.65000000000000000000 2.86500000000000000000 -602624.41364437
4.65000000000000000000 2.97000000000000000000 -602621.57333620
4.65000000000000000000 3.07500000000000000000 -602618.95830393
4.65000000000000000000 3.18000000000000000000 -602616.56155022
4.65000000000000000000 3.28500000000000000000 -602614.38026320
4.65000000000000000000 3.39000000000000000000 -602612.40430481
4.65000000000000000000 3.49500000000000000000 -602610.62173481
4.65000000000000000000 3.60000000000000000000 -602609.02422363
4.65000000000000000000 3.70500000000000000000 -602607.60109358
4.65000000000000000000 3.81000000000000000000 -602606.33592085
4.65000000000000000000 3.91500000000000000000 -602605.21364207
4.65000000000000000000 4.02000000000000000000 -602604.22601240
4.65000000000000000000 4.12500000000000000000 -602603.35969537
4.65000000000000000000 4.23000000000000000000 -602602.60163127
4.65000000000000000000 4.33500000000000000000 -602601.93754110
4.65000000000000000000 4.44000000000000000000 -602601.35550910
4.65000000000000000000 4.54500000000000000000 -602600.84567206
4.65000000000000000000 4.65000000000000000000 -602600.39952849
4.65000000000000000000 4.75500000000000000000 -602600.00710225
4.65000000000000000000 4.86000000000000000000 -602599.66300240
4.65000000000000000000 4.96500000000000000000 -602599.36167422
4.65000000000000000000 5.07000000000000000000 -602599.09719591
4.65000000000000000000 5.17500000000000000000 -602598.86564992
4.65000000000000000000 5.28000000000000000000 -602598.66222703
4.65000000000000000000 5.38500000000000000000 -602598.48439335
4.65000000000000000000 5.49000000000000000000 -602598.33050668
4.75500000000000000000 1.50000000000000000000 -602620.09513905
4.75500000000000000000 1.60500000000000000000 -602642.17187958
4.75500000000000000000 1.71000000000000000000 -602652.69496603
4.75500000000000000000 1.81500000000000000000 -602656.23960844
4.75500000000000000000 1.92000000000000000000 -602655.59575859
4.75500000000000000000 2.02500000000000000000 -602652.85970736
4.75500000000000000000 2.13000000000000000000 -602649.33908225
4.75500000000000000000 2.23500000000000000000 -602645.33561180
4.75500000000000000000 2.34000000000000000000 -602641.45918755
4.75500000000000000000 2.44500000000000000000 -602637.59535742
4.75500000000000000000 2.55000000000000000000 -602633.89270310
4.75500000000000000000 2.65500000000000000000 -602630.38390278
4.75500000000000000000 2.76000000000000000000 -602627.09387863
4.75500000000000000000 2.86500000000000000000 -602624.02801405
4.75500000000000000000 2.97000000000000000000 -602621.18577629
4.75500000000000000000 3.07500000000000000000 -602618.56880879
4.75500000000000000000 3.18000000000000000000 -602616.17046371
4.75500000000000000000 3.28500000000000000000 -602613.98807478
4.75500000000000000000 3.39000000000000000000 -602612.01142048
4.75500000000000000000 3.49500000000000000000 -602610.22823991
4.75500000000000000000 3.60000000000000000000 -602608.63024681
4.75500000000000000000 3.70500000000000000000 -602607.20665366
4.75500000000000000000 3.81000000000000000000 -602605.94152925
4.75500000000000000000 3.91500000000000000000 -602604.82007690
4.75500000000000000000 4.02000000000000000000 -602603.83179462
4.75500000000000000000 4.12500000000000000000 -602602.96566459
4.75500000000000000000 4.23000000000000000000 -602602.20786090
4.75500000000000000000 4.33500000000000000000 -602601.54406943
4.75500000000000000000 4.44000000000000000000 -602600.96224952
4.75500000000000000000 4.54500000000000000000 -602600.45291700
4.75500000000000000000 4.65000000000000000000 -602600.00710225
4.75500000000000000000 4.75500000000000000000 -602599.61646629
4.75500000000000000000 4.86000000000000000000 -602599.27273918
4.75500000000000000000 4.96500000000000000000 -602598.97152772
4.75500000000000000000 5.07000000000000000000 -602598.70743909
4.75500000000000000000 5.17500000000000000000 -602598.47554860
4.75500000000000000000 5.28000000000000000000 -602598.27239993
4.75500000000000000000 5.38500000000000000000 -602598.09453801
4.75500000000000000000 5.49000000000000000000 -602597.94038716
4.86000000000000000000 1.50000000000000000000 -602619.90950480
4.86000000000000000000 1.60500000000000000000 -602641.96700213
4.86000000000000000000 1.71000000000000000000 -602652.46553538
4.86000000000000000000 1.81500000000000000000 -602655.97313402
4.86000000000000000000 1.92000000000000000000 -602655.30231821
4.86000000000000000000 2.02500000000000000000 -602652.53270400
4.86000000000000000000 2.13000000000000000000 -602649.00657626
4.86000000000000000000 2.23500000000000000000 -602644.95057825
4.86000000000000000000 2.34000000000000000000 -602641.11442756
4.86000000000000000000 2.44500000000000000000 -602637.25214424
4.86000000000000000000 2.55000000000000000000 -602633.55076314
4.86000000000000000000 2.65500000000000000000 -602630.04272273
4.86000000000000000000 2.76000000000000000000 -602626.75339512
4.86000000000000000000 2.86500000000000000000 -602623.59835516
4.86000000000000000000 2.97000000000000000000 -602620.84314230
4.86000000000000000000 3.07500000000000000000 -602618.22523479
4.86000000000000000000 3.18000000000000000000 -602615.82602877
4.86000000000000000000 3.28500000000000000000 -602613.64273308
4.86000000000000000000 3.39000000000000000000 -602611.66578448
4.86000000000000000000 3.49500000000000000000 -602609.88226067
4.86000000000000000000 3.60000000000000000000 -602608.28394252
4.86000000000000000000 3.70500000000000000000 -602606.86034999
4.86000000000000000000 3.81000000000000000000 -602605.59546152
4.86000000000000000000 3.91500000000000000000 -602604.47425892
4.86000000000000000000 4.02000000000000000000 -602603.48614670
4.86000000000000000000 4.12500000000000000000 -602602.62013903
4.86000000000000000000 4.23000000000000000000 -602601.86273130
4.86000000000000000000 4.33500000000000000000 -602601.19925296
4.86000000000000000000 4.44000000000000000000 -602600.61783026
4.86000000000000000000 4.54500000000000000000 -602600.10872114
4.86000000000000000000 4.65000000000000000000 -602599.66300240
4.86000000000000000000 4.75500000000000000000 -602599.27273918
4.86000000000000000000 4.86000000000000000000 -602598.92995898
4.86000000000000000000 4.96500000000000000000 -602598.62895396
4.86000000000000000000 5.07000000000000000000 -602598.36494754
4.86000000000000000000 5.17500000000000000000 -602598.13334320
4.86000000000000000000 5.28000000000000000000 -602597.93010416
4.86000000000000000000 5.38500000000000000000 -602597.75226672
4.86000000000000000000 5.49000000000000000000 -602597.59755927
4.96500000000000000000 1.50000000000000000000 -602619.73204197
4.96500000000000000000 1.60500000000000000000 -602641.76917536
4.96500000000000000000 1.71000000000000000000 -602652.24303244
4.96500000000000000000 1.81500000000000000000 -602655.72634457
4.96500000000000000000 1.92000000000000000000 -602655.01849566
4.96500000000000000000 2.02500000000000000000 -602652.25153582
4.96500000000000000000 2.13000000000000000000 -602648.50522755
4.96500000000000000000 2.23500000000000000000 -602644.74048493
4.96500000000000000000 2.34000000000000000000 -602640.80186633
4.96500000000000000000 2.44500000000000000000 -602636.94382435
4.96500000000000000000 2.55000000000000000000 -602633.24511832
4.96500000000000000000 2.65500000000000000000 -602629.73903072
4.96500000000000000000 2.76000000000000000000 -602626.45224327
4.96500000000000000000 2.86500000000000000000 -602623.38524227
4.96500000000000000000 2.97000000000000000000 -602620.54087599
4.96500000000000000000 3.07500000000000000000 -602617.92153148
4.96500000000000000000 3.18000000000000000000 -602615.52241959
4.96500000000000000000 3.28500000000000000000 -602613.33878631
4.96500000000000000000 3.39000000000000000000 -602611.36162561
4.96500000000000000000 3.49500000000000000000 -602609.57803339
4.96500000000000000000 3.60000000000000000000 -602607.97983384
4.96500000000000000000 3.70500000000000000000 -602606.55626579
4.96500000000000000000 3.81000000000000000000 -602605.29150533
4.96500000000000000000 3.91500000000000000000 -602604.17074262
4.96500000000000000000 4.02000000000000000000 -602603.18286382
4.96500000000000000000 4.12500000000000000000 -602602.31734938
4.96500000000000000000 4.23000000000000000000 -602601.56018199
4.96500000000000000000 4.33500000000000000000 -602600.89705379
4.96500000000000000000 4.44000000000000000000 -602600.31591348
4.96500000000000000000 4.54500000000000000000 -602599.80706791
4.96500000000000000000 4.65000000000000000000 -602599.36167422
4.96500000000000000000 4.75500000000000000000 -602598.97152772
4.96500000000000000000 4.86000000000000000000 -602598.62895396
4.96500000000000000000 4.96500000000000000000 -602598.32788495
4.96500000000000000000 5.07000000000000000000 -602598.06401406
4.96500000000000000000 5.17500000000000000000 -602597.83246871
4.96500000000000000000 5.28000000000000000000 -602597.62947942
4.96500000000000000000 5.38500000000000000000 -602597.45197958
4.96500000000000000000 5.49000000000000000000 -602597.29775657
5.07000000000000000000 1.50000000000000000000 -602619.55815344
5.07000000000000000000 1.60500000000000000000 -602641.57550899
5.07000000000000000000 1.71000000000000000000 -602652.02709387
5.07000000000000000000 1.81500000000000000000 -602655.46664412
5.07000000000000000000 1.92000000000000000000 -602654.75968125
5.07000000000000000000 2.02500000000000000000 -602651.90802833
5.07000000000000000000 2.13000000000000000000 -602648.39079240
5.07000000000000000000 2.23500000000000000000 -602644.46204390
5.07000000000000000000 2.34000000000000000000 -602640.52022563
5.07000000000000000000 2.44500000000000000000 -602636.66714850
5.07000000000000000000 2.55000000000000000000 -602632.97220753
5.07000000000000000000 2.65500000000000000000 -602629.46898515
5.07000000000000000000 2.76000000000000000000 -602626.18386812
5.07000000000000000000 2.86500000000000000000 -602623.11773497
5.07000000000000000000 2.97000000000000000000 -602620.27312333
5.07000000000000000000 3.07500000000000000000 -602617.65404175
5.07000000000000000000 3.18000000000000000000 -602615.25451759
5.07000000000000000000 3.28500000000000000000 -602613.07090689
5.07000000000000000000 3.39000000000000000000 -602611.09398465
5.07000000000000000000 3.49500000000000000000 -602609.31051103
5.07000000000000000000 3.60000000000000000000 -602607.71242318
5.07000000000000000000 3.70500000000000000000 -602606.28922347
5.07000000000000000000 3.81000000000000000000 -602605.02489161
5.07000000000000000000 3.91500000000000000000 -602603.90438680
5.07000000000000000000 4.02000000000000000000 -602602.91678536
5.07000000000000000000 4.12500000000000000000 -602602.05163864
5.07000000000000000000 4.23000000000000000000 -602601.29484964
5.07000000000000000000 4.33500000000000000000 -602600.63206155
5.07000000000000000000 4.44000000000000000000 -602600.05123311
5.07000000000000000000 4.54500000000000000000 -602599.54258772
5.07000000000000000000 4.65000000000000000000 -602599.09719591
5.07000000000000000000 4.75500000000000000000 -602598.70743909
5.07000000000000000000 4.86000000000000000000 -602598.36494754
5.07000000000000000000 4.96500000000000000000 -602598.06401406
5.07000000000000000000 5.07000000000000000000 -602597.79961482
5.07000000000000000000 5.17500000000000000000 -602597.56831356
5.07000000000000000000 5.28000000000000000000 -602597.36282554
5.07000000000000000000 5.38500000000000000000 -602597.18507719
5.07000000000000000000 5.49000000000000000000 -602597.03566718
5.17500000000000000000 1.50000000000000000000 -602619.38841150
5.17500000000000000000 1.60500000000000000000 -602641.38894351
5.17500000000000000000 1.71000000000000000000 -602651.82226786
5.17500000000000000000 1.81500000000000000000 -602655.25690095
5.17500000000000000000 1.92000000000000000000 -602654.46569242
5.17500000000000000000 2.02500000000000000000 -602651.64772170
5.17500000000000000000 2.13000000000000000000 -602648.11976038
5.17500000000000000000 2.23500000000000000000 -602644.10825342
5.17500000000000000000 2.34000000000000000000 -602640.26549255
5.17500000000000000000 2.44500000000000000000 -602636.41826067
5.17500000000000000000 2.55000000000000000000 -602632.72833099
5.17500000000000000000 2.65500000000000000000 -602629.22778367
5.17500000000000000000 2.76000000000000000000 -602625.94537561
5.17500000000000000000 2.86500000000000000000 -602622.88073906
5.17500000000000000000 2.97000000000000000000 -602620.03601887
5.17500000000000000000 3.07500000000000000000 -602617.41757484
5.17500000000000000000 3.18000000000000000000 -602615.01857088
5.17500000000000000000 3.28500000000000000000 -602612.83532979
5.17500000000000000000 3.39000000000000000000 -602610.85861462
5.17500000000000000000 3.49500000000000000000 -602609.07569698
5.17500000000000000000 3.60000000000000000000 -602607.47767627
5.17500000000000000000 3.70500000000000000000 -602606.05493464
5.17500000000000000000 3.81000000000000000000 -602604.79096108
5.17500000000000000000 3.91500000000000000000 -602603.67059056
5.17500000000000000000 4.02000000000000000000 -602602.68342713
5.17500000000000000000 4.12500000000000000000 -602601.81855777
5.17500000000000000000 4.23000000000000000000 -602601.06202792
5.17500000000000000000 4.33500000000000000000 -602600.39953665
5.17500000000000000000 4.44000000000000000000 -602599.81892784
5.17500000000000000000 4.54500000000000000000 -602599.31057675
5.17500000000000000000 4.65000000000000000000 -602598.86564992
5.17500000000000000000 4.75500000000000000000 -602598.47554860
5.17500000000000000000 4.86000000000000000000 -602598.13334320
5.17500000000000000000 4.96500000000000000000 -602597.83246871
5.17500000000000000000 5.07000000000000000000 -602597.56831356
5.17500000000000000000 5.17500000000000000000 -602597.33661635
5.17500000000000000000 5.28000000000000000000 -602597.13467563
5.17500000000000000000 5.38500000000000000000 -602596.95621067
5.17500000000000000000 5.49000000000000000000 -602596.80719788
5.28000000000000000000 1.50000000000000000000 -602619.22789206
5.28000000000000000000 1.60500000000000000000 -602641.21458874
5.28000000000000000000 1.71000000000000000000 -602651.63187395
5.28000000000000000000 1.81500000000000000000 -602655.04526459
5.28000000000000000000 1.92000000000000000000 -602654.31655538
5.28000000000000000000 2.02500000000000000000 -602651.37717726
5.28000000000000000000 2.13000000000000000000 -602647.86934832
5.28000000000000000000 2.23500000000000000000 -602643.85623368
5.28000000000000000000 2.34000000000000000000 -602640.03427412
5.28000000000000000000 2.44500000000000000000 -602636.19544208
5.28000000000000000000 2.55000000000000000000 -602632.51003047
5.28000000000000000000 2.65500000000000000000 -602629.01350800
5.28000000000000000000 2.76000000000000000000 -602625.73374175
5.28000000000000000000 2.86500000000000000000 -602622.67130275
5.28000000000000000000 2.97000000000000000000 -602619.82706323
5.28000000000000000000 3.07500000000000000000 -602617.20997713
5.28000000000000000000 3.18000000000000000000 -602614.81153855
5.28000000000000000000 3.28500000000000000000 -602612.62873734
5.28000000000000000000 3.39000000000000000000 -602610.65247210
5.28000000000000000000 3.49500000000000000000 -602608.86990273
5.28000000000000000000 3.60000000000000000000 -602607.27229178
5.28000000000000000000 3.70500000000000000000 -602605.84976602
5.28000000000000000000 3.81000000000000000000 -602604.58602213
5.28000000000000000000 3.91500000000000000000 -602603.46602560
5.28000000000000000000 4.02000000000000000000 -602602.47903725
5.28000000000000000000 4.12500000000000000000 -602601.61427393
5.28000000000000000000 4.23000000000000000000 -602600.85798129
5.28000000000000000000 4.33500000000000000000 -602600.19563622
5.28000000000000000000 4.44000000000000000000 -602599.61531983
5.28000000000000000000 4.54500000000000000000 -602599.10704216
5.28000000000000000000 4.65000000000000000000 -602598.66222703
5.28000000000000000000 4.75500000000000000000 -602598.27239993
5.28000000000000000000 4.86000000000000000000 -602597.93010416
5.28000000000000000000 4.96500000000000000000 -602597.62947942
5.28000000000000000000 5.07000000000000000000 -602597.36282554
5.28000000000000000000 5.17500000000000000000 -602597.13467563
5.28000000000000000000 5.28000000000000000000 -602596.93045957
5.28000000000000000000 5.38500000000000000000 -602596.75849749
5.28000000000000000000 5.49000000000000000000 -602596.61311421
5.38500000000000000000 1.50000000000000000000 -602619.07986319
5.38500000000000000000 1.60500000000000000000 -602641.05323220
5.38500000000000000000 1.71000000000000000000 -602651.45444250
5.38500000000000000000 1.81500000000000000000 -602654.72159079
5.38500000000000000000 1.92000000000000000000 -602653.97174957
5.38500000000000000000 2.02500000000000000000 -602651.22931970
5.38500000000000000000 2.13000000000000000000 -602647.63876933
5.38500000000000000000 2.23500000000000000000 -602643.55420332
5.38500000000000000000 2.34000000000000000000 -602639.82596732
5.38500000000000000000 2.44500000000000000000 -602635.99494590
5.38500000000000000000 2.55000000000000000000 -602632.31590790
5.38500000000000000000 2.65500000000000000000 -602628.82339020
5.38500000000000000000 2.76000000000000000000 -602625.54733692
5.38500000000000000000 2.86500000000000000000 -602622.48753784
5.38500000000000000000 2.97000000000000000000 -602619.64482694
5.38500000000000000000 3.07500000000000000000 -602617.02867143
5.38500000000000000000 3.18000000000000000000 -602614.63101034
5.38500000000000000000 3.28500000000000000000 -602612.44874879
5.38500000000000000000 3.39000000000000000000 -602610.47313114
5.38500000000000000000 3.49500000000000000000 -602608.69085670
5.38500000000000000000 3.60000000000000000000 -602607.09350491
5.38500000000000000000 3.70500000000000000000 -602605.67121008
5.38500000000000000000 3.81000000000000000000 -602604.40768456
5.38500000000000000000 3.91500000000000000000 -602603.28791707
5.38500000000000000000 4.02000000000000000000 -602602.30094566
5.38500000000000000000 4.12500000000000000000 -602601.43636746
5.38500000000000000000 4.23000000000000000000 -602600.68009991
5.38500000000000000000 4.33500000000000000000 -602600.01779752
5.38500000000000000000 4.44000000000000000000 -602599.43734370
5.38500000000000000000 4.54500000000000000000 -602598.92917773
5.38500000000000000000 4.65000000000000000000 -602598.48439335
5.38500000000000000000 4.75500000000000000000 -602598.09453801
5.38500000000000000000 4.86000000000000000000 -602597.75226672
5.38500000000000000000 4.96500000000000000000 -602597.45197958
5.38500000000000000000 5.07000000000000000000 -602597.18507719
5.38500000000000000000 5.17500000000000000000 -602596.95621067
5.38500000000000000000 5.28000000000000000000 -602596.75849749
5.38500000000000000000 5.38500000000000000000 -602596.58887603
5.38500000000000000000 5.49000000000000000000 -602596.45075177
5.49000000000000000000 1.50000000000000000000 -602618.94220518
5.49000000000000000000 1.60500000000000000000 -602640.90169305
5.49000000000000000000 1.71000000000000000000 -602651.28678577
5.49000000000000000000 1.81500000000000000000 -602654.65810252
5.49000000000000000000 1.92000000000000000000 -602653.84160285
5.49000000000000000000 2.02500000000000000000 -602650.96105751
5.49000000000000000000 2.13000000000000000000 -602647.42691271
5.49000000000000000000 2.23500000000000000000 -602643.49192237
5.49000000000000000000 2.34000000000000000000 -602639.63921234
5.49000000000000000000 2.44500000000000000000 -602635.81699299
5.49000000000000000000 2.55000000000000000000 -602632.14456329
5.49000000000000000000 2.65500000000000000000 -602628.65675819
5.49000000000000000000 2.76000000000000000000 -602625.38566286
5.49000000000000000000 2.86500000000000000000 -602622.32659358
5.49000000000000000000 2.97000000000000000000 -602619.48746387
5.49000000000000000000 3.07500000000000000000 -602616.87207079
5.49000000000000000000 3.18000000000000000000 -602614.47517526
5.49000000000000000000 3.28500000000000000000 -602612.29355001
5.49000000000000000000 3.39000000000000000000 -602610.31848143
5.49000000000000000000 3.49500000000000000000 -602608.53650881
5.49000000000000000000 3.60000000000000000000 -602606.93939548
5.49000000000000000000 3.70500000000000000000 -602605.51734788
5.49000000000000000000 3.81000000000000000000 -602604.25412357
5.49000000000000000000 3.91500000000000000000 -602603.13446715
5.49000000000000000000 4.02000000000000000000 -602602.14781640
5.49000000000000000000 4.12500000000000000000 -602601.28312211
5.49000000000000000000 4.23000000000000000000 -602600.52678240
5.49000000000000000000 4.33500000000000000000 -602599.86455217
5.49000000000000000000 4.44000000000000000000 -602599.28402054
5.49000000000000000000 4.54500000000000000000 -602598.77561046
5.49000000000000000000 4.65000000000000000000 -602598.33050668
5.49000000000000000000 4.75500000000000000000 -602597.94038716
5.49000000000000000000 4.86000000000000000000 -602597.59755927
5.49000000000000000000 4.96500000000000000000 -602597.29775657
5.49000000000000000000 5.07000000000000000000 -602597.03566718
5.49000000000000000000 5.17500000000000000000 -602596.80719788
5.49000000000000000000 5.28000000000000000000 -602596.61311421
5.49000000000000000000 5.38500000000000000000 -602596.45075177
5.49000000000000000000 5.49000000000000000000 -602596.31522415
