2.954616719000 2.945709085000 0
2.954616719000 3.053185523796 0
2.954616719000 3.160661962592 0
2.954616719000 3.268138401388 0
2.954616719000 3.375614840184 0
2.954616719000 3.483091278980 0
2.954616719000 3.590567717776 0
2.954616719000 3.698044156571 0
2.954616719000 3.805520595367 0
2.954616719000 3.912997034163 0
2.954616719000 4.020473472959 0
2.954616719000 4.127949911755 0
2.954616719000 4.235426350551 0
2.954616719000 4.342902789347 0
2.954616719000 4.450379228143 0
2.954616719000 4.557855666939 0
2.954616719000 4.665332105735 0
2.954616719000 4.772808544531 0
2.954616719000 4.880284983327 0
2.954616719000 4.987761422122 0
2.954616719000 5.095237860918 0
2.954616719000 5.202714299714 0
2.954616719000 5.310190738510 0
2.954616719000 5.417667177306 0
2.954616719000 5.525143616102 0
2.954616719000 5.632620054898 0
2.954616719000 5.740096493694 0
2.954616719000 5.847572932490 0
2.954616719000 5.955049371286 0
2.954616719000 6.062525810082 -36.7833
2.954616719000 6.170002248878 -37.2229
2.954616719000 6.277478687673 -37.3831
2.954616719000 6.384955126469 -37.3762
2.954616719000 6.492431565265 -37.3639
2.954616719000 6.599908004061 -37.3668
2.954616719000 6.707384442857 -37.3789
2.954616719000 6.814860881653 -37.381
2.954616719000 6.922337320449 -37.3717
2.954616719000 7.029813759245 -37.3794
2.954616719000 7.137290198041 -37.2852
2.954616719000 7.244766636837 -37.3327
2.954616719000 7.352243075633 -37.3778
2.954616719000 7.459719514429 -37.3725
2.954616719000 7.567195953224 -37.3853
2.954616719000 7.674672392020 -37.2134
2.954616719000 7.782148830816 -36.9009
2.954616719000 7.889625269612 -37.3645
2.954616719000 7.997101708408 0
2.954616719000 8.104578147204 -36.9689
2.954616719000 8.212054586000 0

3.061984440061 2.945709085000 0
3.061984440061 3.053185523796 0
3.061984440061 3.160661962592 0
3.061984440061 3.268138401388 0
3.061984440061 3.375614840184 0
3.061984440061 3.483091278980 0
3.061984440061 3.590567717776 0
3.061984440061 3.698044156571 0
3.061984440061 3.805520595367 0
3.061984440061 3.912997034163 0
3.061984440061 4.020473472959 0
3.061984440061 4.127949911755 0
3.061984440061 4.235426350551 0
3.061984440061 4.342902789347 0
3.061984440061 4.450379228143 0
3.061984440061 4.557855666939 0
3.061984440061 4.665332105735 0
3.061984440061 4.772808544531 0
3.061984440061 4.880284983327 0
3.061984440061 4.987761422122 0
3.061984440061 5.095237860918 0
3.061984440061 5.202714299714 -36.3981
3.061984440061 5.310190738510 -37.3914
3.061984440061 5.417667177306 -37.3945
3.061984440061 5.525143616102 -37.4001
3.061984440061 5.632620054898 -37.4002
3.061984440061 5.740096493694 -37.4011
3.061984440061 5.847572932490 -37.402
3.061984440061 5.955049371286 -37.4031
3.061984440061 6.062525810082 -37.404
3.061984440061 6.170002248878 -37.4044
3.061984440061 6.277478687673 -37.4051
3.061984440061 6.384955126469 -37.4054
3.061984440061 6.492431565265 -37.4049
3.061984440061 6.599908004061 -37.4051
3.061984440061 6.707384442857 -37.4048
3.061984440061 6.814860881653 -37.4057
3.061984440061 6.922337320449 -37.4052
3.061984440061 7.029813759245 -37.4048
3.061984440061 7.137290198041 -37.4043
3.061984440061 7.244766636837 -37.4053
3.061984440061 7.352243075633 -37.4044
3.061984440061 7.459719514429 -37.4027
3.061984440061 7.567195953224 -37.4042
3.061984440061 7.674672392020 -37.4029
3.061984440061 7.782148830816 -37.403
3.061984440061 7.889625269612 -37.4031
3.061984440061 7.997101708408 -37.4033
3.061984440061 8.104578147204 -37.4027
3.061984440061 8.212054586000 -37.4025

3.169352161122 2.945709085000 0
3.169352161122 3.053185523796 0
3.169352161122 3.160661962592 0
3.169352161122 3.268138401388 0
3.169352161122 3.375614840184 0
3.169352161122 3.483091278980 0
3.169352161122 3.590567717776 0
3.169352161122 3.698044156571 0
3.169352161122 3.805520595367 0
3.169352161122 3.912997034163 0
3.169352161122 4.020473472959 0
3.169352161122 4.127949911755 0
3.169352161122 4.235426350551 0
3.169352161122 4.342902789347 0
3.169352161122 4.450379228143 0
3.169352161122 4.557855666939 0
3.169352161122 4.665332105735 0
3.169352161122 4.772808544531 0
3.169352161122 4.880284983327 -37.1799
3.169352161122 4.987761422122 -37.3935
3.169352161122 5.095237860918 -37.4002
3.169352161122 5.202714299714 -37.403
3.169352161122 5.310190738510 -37.4048
3.169352161122 5.417667177306 -37.4053
3.169352161122 5.525143616102 -37.4075
3.169352161122 5.632620054898 -37.41
3.169352161122 5.740096493694 -37.4097
3.169352161122 5.847572932490 -37.4099
3.169352161122 5.955049371286 -37.4102
3.169352161122 6.062525810082 -37.4107
3.169352161122 6.170002248878 -37.411
3.169352161122 6.277478687673 -37.4116
3.169352161122 6.384955126469 -37.4119
3.169352161122 6.492431565265 -37.4118
3.169352161122 6.599908004061 -37.4122
3.169352161122 6.707384442857 -37.4118
3.169352161122 6.814860881653 -37.4121
3.169352161122 6.922337320449 -37.4115
3.169352161122 7.029813759245 -37.4118
3.169352161122 7.137290198041 -37.4114
3.169352161122 7.244766636837 -37.4116
3.169352161122 7.352243075633 -37.4112
3.169352161122 7.459719514429 -37.4116
3.169352161122 7.567195953224 -37.4107
3.169352161122 7.674672392020 -37.4103
3.169352161122 7.782148830816 -37.4102
3.169352161122 7.889625269612 -37.4101
3.169352161122 7.997101708408 -37.4097
3.169352161122 8.104578147204 -37.4106
3.169352161122 8.212054586000 -37.4096

3.276719882184 2.945709085000 0
3.276719882184 3.053185523796 0
3.276719882184 3.160661962592 0
3.276719882184 3.268138401388 0
3.276719882184 3.375614840184 0
3.276719882184 3.483091278980 0
3.276719882184 3.590567717776 0
3.276719882184 3.698044156571 0
3.276719882184 3.805520595367 0
3.276719882184 3.912997034163 0
3.276719882184 4.020473472959 0
3.276719882184 4.127949911755 0
3.276719882184 4.235426350551 0
3.276719882184 4.342902789347 0
3.276719882184 4.450379228143 0
3.276719882184 4.557855666939 0
3.276719882184 4.665332105735 -26.3013
3.276719882184 4.772808544531 -37.3538
3.276719882184 4.880284983327 -37.4006
3.276719882184 4.987761422122 -37.4035
3.276719882184 5.095237860918 -37.4068
3.276719882184 5.202714299714 -37.4091
3.276719882184 5.310190738510 -37.4128
3.276719882184 5.417667177306 -37.4112
3.276719882184 5.525143616102 -37.4127
3.276719882184 5.632620054898 -37.4132
3.276719882184 5.740096493694 -37.4142
3.276719882184 5.847572932490 -37.4142
3.276719882184 5.955049371286 -37.4148
3.276719882184 6.062525810082 -37.415
3.276719882184 6.170002248878 -37.4155
3.276719882184 6.277478687673 -37.4155
3.276719882184 6.384955126469 -37.4158
3.276719882184 6.492431565265 -37.4159
3.276719882184 6.599908004061 -37.416
3.276719882184 6.707384442857 -37.4157
3.276719882184 6.814860881653 -37.4159
3.276719882184 6.922337320449 -37.4156
3.276719882184 7.029813759245 -37.4157
3.276719882184 7.137290198041 -37.4156
3.276719882184 7.244766636837 -37.4153
3.276719882184 7.352243075633 -37.4151
3.276719882184 7.459719514429 -37.4148
3.276719882184 7.567195953224 -37.4145
3.276719882184 7.674672392020 -37.4143
3.276719882184 7.782148830816 -37.4142
3.276719882184 7.889625269612 -37.414
3.276719882184 7.997101708408 -37.4136
3.276719882184 8.104578147204 -37.413
3.276719882184 8.212054586000 -37.414

3.384087603245 2.945709085000 0
3.384087603245 3.053185523796 0
3.384087603245 3.160661962592 0
3.384087603245 3.268138401388 0
3.384087603245 3.375614840184 0
3.384087603245 3.483091278980 0
3.384087603245 3.590567717776 0
3.384087603245 3.698044156571 0
3.384087603245 3.805520595367 0
3.384087603245 3.912997034163 0
3.384087603245 4.020473472959 0
3.384087603245 4.127949911755 0
3.384087603245 4.235426350551 0
3.384087603245 4.342902789347 0
3.384087603245 4.450379228143 0
3.384087603245 4.557855666939 -31.7271
3.384087603245 4.665332105735 -37.3953
3.384087603245 4.772808544531 -37.4021
3.384087603245 4.880284983327 -37.4052
3.384087603245 4.987761422122 -37.4081
3.384087603245 5.095237860918 -37.4101
3.384087603245 5.202714299714 -37.4121
3.384087603245 5.310190738510 -37.4134
3.384087603245 5.417667177306 -37.4143
3.384087603245 5.525143616102 -37.4155
3.384087603245 5.632620054898 -37.416
3.384087603245 5.740096493694 -37.4164
3.384087603245 5.847572932490 -37.4168
3.384087603245 5.955049371286 -37.4172
3.384087603245 6.062525810082 -37.4175
3.384087603245 6.170002248878 -37.4177
3.384087603245 6.277478687673 -37.4177
3.384087603245 6.384955126469 -37.4179
3.384087603245 6.492431565265 -37.418
3.384087603245 6.599908004061 -37.4181
3.384087603245 6.707384442857 -37.418
3.384087603245 6.814860881653 -37.4177
3.384087603245 6.922337320449 -37.4176
3.384087603245 7.029813759245 -37.4175
3.384087603245 7.137290198041 -37.4173
3.384087603245 7.244766636837 -37.417
3.384087603245 7.352243075633 -37.4166
3.384087603245 7.459719514429 -37.4163
3.384087603245 7.567195953224 -37.4164
3.384087603245 7.674672392020 -37.4159
3.384087603245 7.782148830816 -37.4158
3.384087603245 7.889625269612 -37.4153
3.384087603245 7.997101708408 -37.4152
3.384087603245 8.104578147204 -37.415
3.384087603245 8.212054586000 -37.415

3.491455324306 2.945709085000 0
3.491455324306 3.053185523796 0
3.491455324306 3.160661962592 0
3.491455324306 3.268138401388 0
3.491455324306 3.375614840184 0
3.491455324306 3.483091278980 0
3.491455324306 3.590567717776 0
3.491455324306 3.698044156571 0
3.491455324306 3.805520595367 0
3.491455324306 3.912997034163 0
3.491455324306 4.020473472959 0
3.491455324306 4.127949911755 0
3.491455324306 4.235426350551 0
3.491455324306 4.342902789347 0
3.491455324306 4.450379228143 0
3.491455324306 4.557855666939 -37.3958
3.491455324306 4.665332105735 -37.401
3.491455324306 4.772808544531 -37.4052
3.491455324306 4.880284983327 -37.4084
3.491455324306 4.987761422122 -37.4104
3.491455324306 5.095237860918 -37.4126
3.491455324306 5.202714299714 -37.414
3.491455324306 5.310190738510 -37.4148
3.491455324306 5.417667177306 -37.4163
3.491455324306 5.525143616102 -37.4171
3.491455324306 5.632620054898 -37.4173
3.491455324306 5.740096493694 -37.4177
3.491455324306 5.847572932490 -37.418
3.491455324306 5.955049371286 -37.4182
3.491455324306 6.062525810082 -37.4184
3.491455324306 6.170002248878 -37.4185
3.491455324306 6.277478687673 -37.4185
3.491455324306 6.384955126469 -37.4187
3.491455324306 6.492431565265 -37.4184
3.491455324306 6.599908004061 -37.4183
3.491455324306 6.707384442857 -37.4184
3.491455324306 6.814860881653 -37.4183
3.491455324306 6.922337320449 -37.418
3.491455324306 7.029813759245 -37.4179
3.491455324306 7.137290198041 -37.4175
3.491455324306 7.244766636837 -37.4173
3.491455324306 7.352243075633 -37.4173
3.491455324306 7.459719514429 -37.4167
3.491455324306 7.567195953224 -37.4164
3.491455324306 7.674672392020 -37.4162
3.491455324306 7.782148830816 -37.4161
3.491455324306 7.889625269612 -37.4157
3.491455324306 7.997101708408 -37.4154
3.491455324306 8.104578147204 -37.415
3.491455324306 8.212054586000 -37.4154

3.598823045367 2.945709085000 0
3.598823045367 3.053185523796 0
3.598823045367 3.160661962592 0
3.598823045367 3.268138401388 0
3.598823045367 3.375614840184 0
3.598823045367 3.483091278980 0
3.598823045367 3.590567717776 0
3.598823045367 3.698044156571 0
3.598823045367 3.805520595367 0
3.598823045367 3.912997034163 0
3.598823045367 4.020473472959 0
3.598823045367 4.127949911755 0
3.598823045367 4.235426350551 0
3.598823045367 4.342902789347 -37.2464
3.598823045367 4.450379228143 -37.3901
3.598823045367 4.557855666939 -37.4013
3.598823045367 4.665332105735 -37.405
3.598823045367 4.772808544531 -37.4076
3.598823045367 4.880284983327 -37.4107
3.598823045367 4.987761422122 -37.4112
3.598823045367 5.095237860918 -37.4142
3.598823045367 5.202714299714 -37.415
3.598823045367 5.310190738510 -37.4157
3.598823045367 5.417667177306 -37.4168
3.598823045367 5.525143616102 -37.4175
3.598823045367 5.632620054898 -37.4176
3.598823045367 5.740096493694 -37.418
3.598823045367 5.847572932490 -37.418
3.598823045367 5.955049371286 -37.4181
3.598823045367 6.062525810082 -37.4183
3.598823045367 6.170002248878 -37.4182
3.598823045367 6.277478687673 -37.4181
3.598823045367 6.384955126469 -37.4181
3.598823045367 6.492431565265 -37.4181
3.598823045367 6.599908004061 -37.4177
3.598823045367 6.707384442857 -37.4176
3.598823045367 6.814860881653 -37.4176
3.598823045367 6.922337320449 -37.4173
3.598823045367 7.029813759245 -37.417
3.598823045367 7.137290198041 -37.4168
3.598823045367 7.244766636837 -37.4165
3.598823045367 7.352243075633 -37.4161
3.598823045367 7.459719514429 -37.4159
3.598823045367 7.567195953224 -37.4155
3.598823045367 7.674672392020 -37.4153
3.598823045367 7.782148830816 -37.4151
3.598823045367 7.889625269612 -37.4147
3.598823045367 7.997101708408 -37.4142
3.598823045367 8.104578147204 -37.414
3.598823045367 8.212054586000 -37.4142

3.706190766429 2.945709085000 0
3.706190766429 3.053185523796 0
3.706190766429 3.160661962592 0
3.706190766429 3.268138401388 0
3.706190766429 3.375614840184 0
3.706190766429 3.483091278980 0
3.706190766429 3.590567717776 0
3.706190766429 3.698044156571 0
3.706190766429 3.805520595367 0
3.706190766429 3.912997034163 0
3.706190766429 4.020473472959 0
3.706190766429 4.127949911755 0
3.706190766429 4.235426350551 0
3.706190766429 4.342902789347 -37.3733
3.706190766429 4.450379228143 -37.3998
3.706190766429 4.557855666939 -37.4035
3.706190766429 4.665332105735 -37.4064
3.706190766429 4.772808544531 -37.4091
3.706190766429 4.880284983327 -37.411
3.706190766429 4.987761422122 -37.4124
3.706190766429 5.095237860918 -37.4138
3.706190766429 5.202714299714 -37.4148
3.706190766429 5.310190738510 -37.4157
3.706190766429 5.417667177306 -37.4166
3.706190766429 5.525143616102 -37.4169
3.706190766429 5.632620054898 -37.4172
3.706190766429 5.740096493694 -37.4173
3.706190766429 5.847572932490 -37.4173
3.706190766429 5.955049371286 -37.4172
3.706190766429 6.062525810082 -37.4171
3.706190766429 6.170002248878 -37.4171
3.706190766429 6.277478687673 -37.4168
3.706190766429 6.384955126469 -37.4165
3.706190766429 6.492431565265 -37.4164
3.706190766429 6.599908004061 -37.4163
3.706190766429 6.707384442857 -37.4161
3.706190766429 6.814860881653 -37.4158
3.706190766429 6.922337320449 -37.4156
3.706190766429 7.029813759245 -37.4152
3.706190766429 7.137290198041 -37.4151
3.706190766429 7.244766636837 -37.4146
3.706190766429 7.352243075633 -37.414
3.706190766429 7.459719514429 -37.4138
3.706190766429 7.567195953224 -37.4137
3.706190766429 7.674672392020 -37.4134
3.706190766429 7.782148830816 -37.4131
3.706190766429 7.889625269612 -37.4124
3.706190766429 7.997101708408 -37.4123
3.706190766429 8.104578147204 -37.4123
3.706190766429 8.212054586000 -37.4149

3.813558487490 2.945709085000 0
3.813558487490 3.053185523796 0
3.813558487490 3.160661962592 0
3.813558487490 3.268138401388 0
3.813558487490 3.375614840184 0
3.813558487490 3.483091278980 0
3.813558487490 3.590567717776 0
3.813558487490 3.698044156571 0
3.813558487490 3.805520595367 0
3.813558487490 3.912997034163 0
3.813558487490 4.020473472959 0
3.813558487490 4.127949911755 0
3.813558487490 4.235426350551 -37.0389
3.813558487490 4.342902789347 -37.3972
3.813558487490 4.450379228143 -37.402
3.813558487490 4.557855666939 -37.405
3.813558487490 4.665332105735 -37.4077
3.813558487490 4.772808544531 -37.4093
3.813558487490 4.880284983327 -37.4112
3.813558487490 4.987761422122 -37.4128
3.813558487490 5.095237860918 -37.4139
3.813558487490 5.202714299714 -37.4145
3.813558487490 5.310190738510 -37.4152
3.813558487490 5.417667177306 -37.416
3.813558487490 5.525143616102 -37.4159
3.813558487490 5.632620054898 -37.416
3.813558487490 5.740096493694 -37.416
3.813558487490 5.847572932490 -37.4157
3.813558487490 5.955049371286 -37.4156
3.813558487490 6.062525810082 -37.4153
3.813558487490 6.170002248878 -37.4151
3.813558487490 6.277478687673 -37.4147
3.813558487490 6.384955126469 -37.4145
3.813558487490 6.492431565265 -37.4142
3.813558487490 6.599908004061 -37.4141
3.813558487490 6.707384442857 -37.4135
3.813558487490 6.814860881653 -37.4136
3.813558487490 6.922337320449 -37.4129
3.813558487490 7.029813759245 -37.4123
3.813558487490 7.137290198041 -37.4122
3.813558487490 7.244766636837 -37.4119
3.813558487490 7.352243075633 -37.4116
3.813558487490 7.459719514429 -37.4116
3.813558487490 7.567195953224 -37.411
3.813558487490 7.674672392020 -37.4106
3.813558487490 7.782148830816 -37.4102
3.813558487490 7.889625269612 -37.4099
3.813558487490 7.997101708408 -37.4094
3.813558487490 8.104578147204 -37.4096
3.813558487490 8.212054586000 -37.4094

3.920926208551 2.945709085000 0
3.920926208551 3.053185523796 0
3.920926208551 3.160661962592 0
3.920926208551 3.268138401388 0
3.920926208551 3.375614840184 0
3.920926208551 3.483091278980 0
3.920926208551 3.590567717776 0
3.920926208551 3.698044156571 0
3.920926208551 3.805520595367 0
3.920926208551 3.912997034163 0
3.920926208551 4.020473472959 0
3.920926208551 4.127949911755 -36.8605
3.920926208551 4.235426350551 -37.3936
3.920926208551 4.342902789347 -37.4008
3.920926208551 4.450379228143 -37.4041
3.920926208551 4.557855666939 -37.4065
3.920926208551 4.665332105735 -37.4078
3.920926208551 4.772808544531 -37.4102
3.920926208551 4.880284983327 -37.4106
3.920926208551 4.987761422122 -37.4124
3.920926208551 5.095237860918 -37.4132
3.920926208551 5.202714299714 -37.4135
3.920926208551 5.310190738510 -37.4142
3.920926208551 5.417667177306 -37.4144
3.920926208551 5.525143616102 -37.4144
3.920926208551 5.632620054898 -37.4138
3.920926208551 5.740096493694 -37.4141
3.920926208551 5.847572932490 -37.4134
3.920926208551 5.955049371286 -37.4131
3.920926208551 6.062525810082 -37.4131
3.920926208551 6.170002248878 -37.4127
3.920926208551 6.277478687673 -37.4124
3.920926208551 6.384955126469 -37.4116
3.920926208551 6.492431565265 -37.4114
3.920926208551 6.599908004061 -37.411
3.920926208551 6.707384442857 -37.4107
3.920926208551 6.814860881653 -37.4105
3.920926208551 6.922337320449 -37.41
3.920926208551 7.029813759245 -37.4091
3.920926208551 7.137290198041 -37.4093
3.920926208551 7.244766636837 -37.4084
3.920926208551 7.352243075633 -37.4091
3.920926208551 7.459719514429 -37.4076
3.920926208551 7.567195953224 -37.4076
3.920926208551 7.674672392020 -37.4071
3.920926208551 7.782148830816 -37.4065
3.920926208551 7.889625269612 -37.4052
3.920926208551 7.997101708408 -37.4062
3.920926208551 8.104578147204 -37.4054
3.920926208551 8.212054586000 -37.4018

4.028293929612 2.945709085000 0
4.028293929612 3.053185523796 0
4.028293929612 3.160661962592 0
4.028293929612 3.268138401388 0
4.028293929612 3.375614840184 0
4.028293929612 3.483091278980 0
4.028293929612 3.590567717776 0
4.028293929612 3.698044156571 0
4.028293929612 3.805520595367 0
4.028293929612 3.912997034163 0
4.028293929612 4.020473472959 -34.0374
4.028293929612 4.127949911755 -37.3893
4.028293929612 4.235426350551 -37.4002
4.028293929612 4.342902789347 -37.4029
4.028293929612 4.450379228143 -37.4062
4.028293929612 4.557855666939 -37.4072
4.028293929612 4.665332105735 -37.4087
4.028293929612 4.772808544531 -37.4095
4.028293929612 4.880284983327 -37.4112
4.028293929612 4.987761422122 -37.4113
4.028293929612 5.095237860918 -37.4116
4.028293929612 5.202714299714 -37.4119
4.028293929612 5.310190738510 -37.4129
4.028293929612 5.417667177306 -37.4128
4.028293929612 5.525143616102 -37.412
4.028293929612 5.632620054898 -37.4121
4.028293929612 5.740096493694 -37.4115
4.028293929612 5.847572932490 -37.4114
4.028293929612 5.955049371286 -37.4114
4.028293929612 6.062525810082 -37.4105
4.028293929612 6.170002248878 -37.41
4.028293929612 6.277478687673 -37.409
4.028293929612 6.384955126469 -37.409
4.028293929612 6.492431565265 -37.4085
4.028293929612 6.599908004061 -37.4071
4.028293929612 6.707384442857 -37.4075
4.028293929612 6.814860881653 -37.4064
4.028293929612 6.922337320449 -37.4066
4.028293929612 7.029813759245 -37.4059
4.028293929612 7.137290198041 -37.4058
4.028293929612 7.244766636837 -37.4043
4.028293929612 7.352243075633 -37.4046
4.028293929612 7.459719514429 -37.4045
4.028293929612 7.567195953224 -37.404
4.028293929612 7.674672392020 -37.4033
4.028293929612 7.782148830816 -37.4032
4.028293929612 7.889625269612 -37.4031
4.028293929612 7.997101708408 -37.4023
4.028293929612 8.104578147204 -37.4025
4.028293929612 8.212054586000 -37.403

4.135661650673 2.945709085000 0
4.135661650673 3.053185523796 0
4.135661650673 3.160661962592 0
4.135661650673 3.268138401388 0
4.135661650673 3.375614840184 0
4.135661650673 3.483091278980 0
4.135661650673 3.590567717776 0
4.135661650673 3.698044156571 0
4.135661650673 3.805520595367 0
4.135661650673 3.912997034163 -36.904
4.135661650673 4.020473472959 -37.3889
4.135661650673 4.127949911755 -37.4001
4.135661650673 4.235426350551 -37.402
4.135661650673 4.342902789347 -37.4041
4.135661650673 4.450379228143 -37.4058
4.135661650673 4.557855666939 -37.4075
4.135661650673 4.665332105735 -37.4087
4.135661650673 4.772808544531 -37.4096
4.135661650673 4.880284983327 -37.4102
4.135661650673 4.987761422122 -37.4107
4.135661650673 5.095237860918 -37.411
4.135661650673 5.202714299714 -37.4117
4.135661650673 5.310190738510 -37.4111
4.135661650673 5.417667177306 -37.411
4.135661650673 5.525143616102 -37.4103
4.135661650673 5.632620054898 -37.4105
4.135661650673 5.740096493694 -37.4092
4.135661650673 5.847572932490 -37.4087
4.135661650673 5.955049371286 -37.4085
4.135661650673 6.062525810082 -37.4078
4.135661650673 6.170002248878 -37.4073
4.135661650673 6.277478687673 -37.4064
4.135661650673 6.384955126469 -37.4056
4.135661650673 6.492431565265 -37.4046
4.135661650673 6.599908004061 -37.4047
4.135661650673 6.707384442857 -37.4045
4.135661650673 6.814860881653 -37.4039
4.135661650673 6.922337320449 -37.4028
4.135661650673 7.029813759245 -37.4026
4.135661650673 7.137290198041 -37.4008
4.135661650673 7.244766636837 -37.4013
4.135661650673 7.352243075633 -37.4017
4.135661650673 7.459719514429 -37.3999
4.135661650673 7.567195953224 -37.3999
4.135661650673 7.674672392020 -37.3998
4.135661650673 7.782148830816 -37.3995
4.135661650673 7.889625269612 -37.3981
4.135661650673 7.997101708408 -37.3988
4.135661650673 8.104578147204 -37.3982
4.135661650673 8.212054586000 0

4.243029371735 2.945709085000 0
4.243029371735 3.053185523796 0
4.243029371735 3.160661962592 0
4.243029371735 3.268138401388 0
4.243029371735 3.375614840184 0
4.243029371735 3.483091278980 0
4.243029371735 3.590567717776 0
4.243029371735 3.698044156571 0
4.243029371735 3.805520595367 -34.1887
4.243029371735 3.912997034163 -37.3916
4.243029371735 4.020473472959 -37.4005
4.243029371735 4.127949911755 -37.4011
4.243029371735 4.235426350551 -37.4044
4.243029371735 4.342902789347 -37.4057
4.243029371735 4.450379228143 -37.407
4.243029371735 4.557855666939 -37.408
4.243029371735 4.665332105735 -37.4084
4.243029371735 4.772808544531 -37.4091
4.243029371735 4.880284983327 -37.4104
4.243029371735 4.987761422122 -37.41
4.243029371735 5.095237860918 -37.4098
4.243029371735 5.202714299714 -37.4122
4.243029371735 5.310190738510 -37.4092
4.243029371735 5.417667177306 -37.4086
4.243029371735 5.525143616102 -37.408
4.243029371735 5.632620054898 -37.4078
4.243029371735 5.740096493694 -37.4064
4.243029371735 5.847572932490 -37.4063
4.243029371735 5.955049371286 -37.4055
4.243029371735 6.062525810082 -37.4042
4.243029371735 6.170002248878 -37.4056
4.243029371735 6.277478687673 -37.4028
4.243029371735 6.384955126469 -37.4026
4.243029371735 6.492431565265 -37.4021
4.243029371735 6.599908004061 -37.4014
4.243029371735 6.707384442857 -37.4012
4.243029371735 6.814860881653 -37.3996
4.243029371735 6.922337320449 -37.3976
4.243029371735 7.029813759245 -37.3976
4.243029371735 7.137290198041 -37.3978
4.243029371735 7.244766636837 -37.3974
4.243029371735 7.352243075633 -37.3966
4.243029371735 7.459719514429 -37.396
4.243029371735 7.567195953224 -37.3943
4.243029371735 7.674672392020 -37.3947
4.243029371735 7.782148830816 -37.3945
4.243029371735 7.889625269612 -37.3944
4.243029371735 7.997101708408 -37.3936
4.243029371735 8.104578147204 -37.392
4.243029371735 8.212054586000 0

4.350397092796 2.945709085000 0
4.350397092796 3.053185523796 0
4.350397092796 3.160661962592 0
4.350397092796 3.268138401388 0
4.350397092796 3.375614840184 0
4.350397092796 3.483091278980 0
4.350397092796 3.590567717776 0
4.350397092796 3.698044156571 -37.124
4.350397092796 3.805520595367 -37.3973
4.350397092796 3.912997034163 -37.4011
4.350397092796 4.020473472959 -37.4032
4.350397092796 4.127949911755 -37.4049
4.350397092796 4.235426350551 -37.4062
4.350397092796 4.342902789347 -37.4068
4.350397092796 4.450379228143 -37.4076
4.350397092796 4.557855666939 -37.408
4.350397092796 4.665332105735 -37.4085
4.350397092796 4.772808544531 -37.4086
4.350397092796 4.880284983327 -37.4101
4.350397092796 4.987761422122 -37.4092
4.350397092796 5.095237860918 -37.4071
4.350397092796 5.202714299714 -37.4078
4.350397092796 5.310190738510 -37.4074
4.350397092796 5.417667177306 -37.4064
4.350397092796 5.525143616102 -37.4059
4.350397092796 5.632620054898 -37.4051
4.350397092796 5.740096493694 -37.4044
4.350397092796 5.847572932490 -37.4032
4.350397092796 5.955049371286 -37.4025
4.350397092796 6.062525810082 -37.4013
4.350397092796 6.170002248878 -37.4006
4.350397092796 6.277478687673 -37.3991
4.350397092796 6.384955126469 -37.3992
4.350397092796 6.492431565265 -37.3982
4.350397092796 6.599908004061 -37.3971
4.350397092796 6.707384442857 -37.3971
4.350397092796 6.814860881653 -37.3961
4.350397092796 6.922337320449 -37.3948
4.350397092796 7.029813759245 -37.3947
4.350397092796 7.137290198041 -37.3932
4.350397092796 7.244766636837 -37.3918
4.350397092796 7.352243075633 -37.3896
4.350397092796 7.459719514429 -37.3828
4.350397092796 7.567195953224 -37.3821
4.350397092796 7.674672392020 -37.2676
4.350397092796 7.782148830816 -37.0262
4.350397092796 7.889625269612 -37.2972
4.350397092796 7.997101708408 -37.2769
4.350397092796 8.104578147204 -37.0518
4.350397092796 8.212054586000 0

4.457764813857 2.945709085000 0
4.457764813857 3.053185523796 0
4.457764813857 3.160661962592 0
4.457764813857 3.268138401388 0
4.457764813857 3.375614840184 0
4.457764813857 3.483091278980 -37.1392
4.457764813857 3.590567717776 -37.3956
4.457764813857 3.698044156571 -37.3998
4.457764813857 3.805520595367 -37.4026
4.457764813857 3.912997034163 -37.4044
4.457764813857 4.020473472959 -37.4052
4.457764813857 4.127949911755 -37.4062
4.457764813857 4.235426350551 -37.4072
4.457764813857 4.342902789347 -37.407
4.457764813857 4.450379228143 -37.4079
4.457764813857 4.557855666939 -37.4076
4.457764813857 4.665332105735 -37.4076
4.457764813857 4.772808544531 -37.4099
4.457764813857 4.880284983327 -37.4086
4.457764813857 4.987761422122 -37.4068
4.457764813857 5.095237860918 -37.4065
4.457764813857 5.202714299714 -37.4088
4.457764813857 5.310190738510 -37.4047
4.457764813857 5.417667177306 -37.4043
4.457764813857 5.525143616102 -37.4029
4.457764813857 5.632620054898 -37.403
4.457764813857 5.740096493694 -37.402
4.457764813857 5.847572932490 -37.4009
4.457764813857 5.955049371286 -37.3996
4.457764813857 6.062525810082 -37.3969
4.457764813857 6.170002248878 -37.398
4.457764813857 6.277478687673 -37.3959
4.457764813857 6.384955126469 -37.3962
4.457764813857 6.492431565265 -37.3944
4.457764813857 6.599908004061 -37.3932
4.457764813857 6.707384442857 -37.3847
4.457764813857 6.814860881653 -37.3805
4.457764813857 6.922337320449 -37.3558
4.457764813857 7.029813759245 -37.3317
4.457764813857 7.137290198041 -37.3643
4.457764813857 7.244766636837 -32.6752
4.457764813857 7.352243075633 -37.2118
4.457764813857 7.459719514429 -37.2925
4.457764813857 7.567195953224 -37.2614
4.457764813857 7.674672392020 -35.5824
4.457764813857 7.782148830816 0
4.457764813857 7.889625269612 0
4.457764813857 7.997101708408 0
4.457764813857 8.104578147204 0
4.457764813857 8.212054586000 0

4.565132534918 2.945709085000 0
4.565132534918 3.053185523796 0
4.565132534918 3.160661962592 0
4.565132534918 3.268138401388 0
4.565132534918 3.375614840184 -37.209
4.565132534918 3.483091278980 -37.3955
4.565132534918 3.590567717776 -37.4009
4.565132534918 3.698044156571 -37.4032
4.565132534918 3.805520595367 -37.4049
4.565132534918 3.912997034163 -37.4061
4.565132534918 4.020473472959 -37.4069
4.565132534918 4.127949911755 -37.407
4.565132534918 4.235426350551 -37.4079
4.565132534918 4.342902789347 -37.4076
4.565132534918 4.450379228143 -37.4079
4.565132534918 4.557855666939 -37.4076
4.565132534918 4.665332105735 -37.407
4.565132534918 4.772808544531 -37.4084
4.565132534918 4.880284983327 -37.4067
4.565132534918 4.987761422122 -37.4052
4.565132534918 5.095237860918 -37.4079
4.565132534918 5.202714299714 -37.4038
4.565132534918 5.310190738510 -37.4032
4.565132534918 5.417667177306 -37.4027
4.565132534918 5.525143616102 -37.4008
4.565132534918 5.632620054898 -37.4008
4.565132534918 5.740096493694 -37.4007
4.565132534918 5.847572932490 -37.3971
4.565132534918 5.955049371286 -37.3972
4.565132534918 6.062525810082 -37.3944
4.565132534918 6.170002248878 -37.3921
4.565132534918 6.277478687673 -37.3886
4.565132534918 6.384955126469 -37.3658
4.565132534918 6.492431565265 -37.3382
4.565132534918 6.599908004061 -37.2903
4.565132534918 6.707384442857 -36.8594
4.565132534918 6.814860881653 -35.3825
4.565132534918 6.922337320449 -37.1771
4.565132534918 7.029813759245 -37.0459
4.565132534918 7.137290198041 -35.3054
4.565132534918 7.244766636837 0
4.565132534918 7.352243075633 0
4.565132534918 7.459719514429 0
4.565132534918 7.567195953224 0
4.565132534918 7.674672392020 0
4.565132534918 7.782148830816 0
4.565132534918 7.889625269612 0
4.565132534918 7.997101708408 0
4.565132534918 8.104578147204 0
4.565132534918 8.212054586000 0

4.672500255980 2.945709085000 0
4.672500255980 3.053185523796 0
4.672500255980 3.160661962592 0
4.672500255980 3.268138401388 -37.1749
4.672500255980 3.375614840184 -37.3959
4.672500255980 3.483091278980 -37.4026
4.672500255980 3.590567717776 -37.4049
4.672500255980 3.698044156571 -37.4064
4.672500255980 3.805520595367 -37.4077
4.672500255980 3.912997034163 -37.4078
4.672500255980 4.020473472959 -37.4089
4.672500255980 4.127949911755 -37.409
4.672500255980 4.235426350551 -37.4087
4.672500255980 4.342902789347 -37.4083
4.672500255980 4.450379228143 -37.4075
4.672500255980 4.557855666939 -37.4073
4.672500255980 4.665332105735 -37.4064
4.672500255980 4.772808544531 -37.4057
4.672500255980 4.880284983327 -37.4052
4.672500255980 4.987761422122 -37.4042
4.672500255980 5.095237860918 -37.4023
4.672500255980 5.202714299714 -37.4018
4.672500255980 5.310190738510 -37.4008
4.672500255980 5.417667177306 -37.3999
4.672500255980 5.525143616102 -37.3975
4.672500255980 5.632620054898 -37.3968
4.672500255980 5.740096493694 -37.3935
4.672500255980 5.847572932490 -37.3918
4.672500255980 5.955049371286 -37.3897
4.672500255980 6.062525810082 -37.3803
4.672500255980 6.170002248878 -37.3013
4.672500255980 6.277478687673 -36.5912
4.672500255980 6.384955126469 0
4.672500255980 6.492431565265 0
4.672500255980 6.599908004061 0
4.672500255980 6.707384442857 0
4.672500255980 6.814860881653 0
4.672500255980 6.922337320449 0
4.672500255980 7.029813759245 0
4.672500255980 7.137290198041 0
4.672500255980 7.244766636837 0
4.672500255980 7.352243075633 0
4.672500255980 7.459719514429 0
4.672500255980 7.567195953224 0
4.672500255980 7.674672392020 0
4.672500255980 7.782148830816 0
4.672500255980 7.889625269612 0
4.672500255980 7.997101708408 0
4.672500255980 8.104578147204 0
4.672500255980 8.212054586000 0

4.779867977041 2.945709085000 0
4.779867977041 3.053185523796 0
4.779867977041 3.160661962592 0
4.779867977041 3.268138401388 -37.3893
4.779867977041 3.375614840184 -37.4019
4.779867977041 3.483091278980 -37.4062
4.779867977041 3.590567717776 -37.4079
4.779867977041 3.698044156571 -37.4089
4.779867977041 3.805520595367 -37.4096
4.779867977041 3.912997034163 -37.4103
4.779867977041 4.020473472959 -37.4102
4.779867977041 4.127949911755 -37.4095
4.779867977041 4.235426350551 -37.4093
4.779867977041 4.342902789347 -37.4086
4.779867977041 4.450379228143 -37.4079
4.779867977041 4.557855666939 -37.4072
4.779867977041 4.665332105735 -37.4061
4.779867977041 4.772808544531 -37.4046
4.779867977041 4.880284983327 -37.4036
4.779867977041 4.987761422122 -37.4017
4.779867977041 5.095237860918 -37.3988
4.779867977041 5.202714299714 -37.3992
4.779867977041 5.310190738510 -37.3987
4.779867977041 5.417667177306 -37.3971
4.779867977041 5.525143616102 -37.3941
4.779867977041 5.632620054898 -37.3776
4.779867977041 5.740096493694 -37.3291
4.779867977041 5.847572932490 -37.2227
4.779867977041 5.955049371286 -37.3306
4.779867977041 6.062525810082 -37.2402
4.779867977041 6.170002248878 -33.0374
4.779867977041 6.277478687673 0
4.779867977041 6.384955126469 0
4.779867977041 6.492431565265 0
4.779867977041 6.599908004061 0
4.779867977041 6.707384442857 0
4.779867977041 6.814860881653 0
4.779867977041 6.922337320449 0
4.779867977041 7.029813759245 0
4.779867977041 7.137290198041 0
4.779867977041 7.244766636837 0
4.779867977041 7.352243075633 0
4.779867977041 7.459719514429 0
4.779867977041 7.567195953224 0
4.779867977041 7.674672392020 0
4.779867977041 7.782148830816 0
4.779867977041 7.889625269612 0
4.779867977041 7.997101708408 0
4.779867977041 8.104578147204 0
4.779867977041 8.212054586000 0

4.887235698102 2.945709085000 0
4.887235698102 3.053185523796 0
4.887235698102 3.160661962592 -37.3544
4.887235698102 3.268138401388 -37.4014
4.887235698102 3.375614840184 -37.405
4.887235698102 3.483091278980 -37.4081
4.887235698102 3.590567717776 -37.4101
4.887235698102 3.698044156571 -37.4108
4.887235698102 3.805520595367 -37.4115
4.887235698102 3.912997034163 -37.4112
4.887235698102 4.020473472959 -37.4111
4.887235698102 4.127949911755 -37.4105
4.887235698102 4.235426350551 -37.4095
4.887235698102 4.342902789347 -37.4083
4.887235698102 4.450379228143 -37.4074
4.887235698102 4.557855666939 -37.4066
4.887235698102 4.665332105735 -37.4049
4.887235698102 4.772808544531 -37.403
4.887235698102 4.880284983327 -37.4014
4.887235698102 4.987761422122 -37.4005
4.887235698102 5.095237860918 -37.3982
4.887235698102 5.202714299714 -37.3979
4.887235698102 5.310190738510 -37.396
4.887235698102 5.417667177306 -37.3947
4.887235698102 5.525143616102 -37.345
4.887235698102 5.632620054898 -37.2736
4.887235698102 5.740096493694 -36.6123
4.887235698102 5.847572932490 -36.3682
4.887235698102 5.955049371286 0
4.887235698102 6.062525810082 0
4.887235698102 6.170002248878 0
4.887235698102 6.277478687673 0
4.887235698102 6.384955126469 0
4.887235698102 6.492431565265 0
4.887235698102 6.599908004061 0
4.887235698102 6.707384442857 0
4.887235698102 6.814860881653 0
4.887235698102 6.922337320449 0
4.887235698102 7.029813759245 0
4.887235698102 7.137290198041 0
4.887235698102 7.244766636837 0
4.887235698102 7.352243075633 0
4.887235698102 7.459719514429 0
4.887235698102 7.567195953224 0
4.887235698102 7.674672392020 0
4.887235698102 7.782148830816 0
4.887235698102 7.889625269612 0
4.887235698102 7.997101708408 0
4.887235698102 8.104578147204 0
4.887235698102 8.212054586000 0

4.994603419163 2.945709085000 0
4.994603419163 3.053185523796 0
4.994603419163 3.160661962592 -37.3942
4.994603419163 3.268138401388 -37.4036
4.994603419163 3.375614840184 -37.4081
4.994603419163 3.483091278980 -37.4106
4.994603419163 3.590567717776 -37.412
4.994603419163 3.698044156571 -37.4128
4.994603419163 3.805520595367 -37.4131
4.994603419163 3.912997034163 -37.4125
4.994603419163 4.020473472959 -37.4117
4.994603419163 4.127949911755 -37.4104
4.994603419163 4.235426350551 -37.4095
4.994603419163 4.342902789347 -37.4085
4.994603419163 4.450379228143 -37.4069
4.994603419163 4.557855666939 -37.4055
4.994603419163 4.665332105735 -37.4035
4.994603419163 4.772808544531 -37.4022
4.994603419163 4.880284983327 -37.3999
4.994603419163 4.987761422122 -37.3982
4.994603419163 5.095237860918 -37.3978
4.994603419163 5.202714299714 -37.3963
4.994603419163 5.310190738510 -37.3903
4.994603419163 5.417667177306 -37.3199
4.994603419163 5.525143616102 -36.4613
4.994603419163 5.632620054898 0
4.994603419163 5.740096493694 0
4.994603419163 5.847572932490 0
4.994603419163 5.955049371286 0
4.994603419163 6.062525810082 0
4.994603419163 6.170002248878 0
4.994603419163 6.277478687673 0
4.994603419163 6.384955126469 0
4.994603419163 6.492431565265 0
4.994603419163 6.599908004061 0
4.994603419163 6.707384442857 0
4.994603419163 6.814860881653 0
4.994603419163 6.922337320449 0
4.994603419163 7.029813759245 0
4.994603419163 7.137290198041 0
4.994603419163 7.244766636837 0
4.994603419163 7.352243075633 0
4.994603419163 7.459719514429 0
4.994603419163 7.567195953224 0
4.994603419163 7.674672392020 0
4.994603419163 7.782148830816 0
4.994603419163 7.889625269612 0
4.994603419163 7.997101708408 0
4.994603419163 8.104578147204 0
4.994603419163 8.212054586000 0

5.101971140224 2.945709085000 0
5.101971140224 3.053185523796 0
5.101971140224 3.160661962592 -37.3994
5.101971140224 3.268138401388 -37.4059
5.101971140224 3.375614840184 -37.4102
5.101971140224 3.483091278980 -37.4125
5.101971140224 3.590567717776 -37.4136
5.101971140224 3.698044156571 -37.4142
5.101971140224 3.805520595367 -37.4138
5.101971140224 3.912997034163 -37.4132
5.101971140224 4.020473472959 -37.412
5.101971140224 4.127949911755 -37.4108
5.101971140224 4.235426350551 -37.4097
5.101971140224 4.342902789347 -37.4084
5.101971140224 4.450379228143 -37.4063
5.101971140224 4.557855666939 -37.405
5.101971140224 4.665332105735 -37.4023
5.101971140224 4.772808544531 -37.401
5.101971140224 4.880284983327 -37.3984
5.101971140224 4.987761422122 -37.3974
5.101971140224 5.095237860918 -37.3947
5.101971140224 5.202714299714 -37.3843
5.101971140224 5.310190738510 -37.2911
5.101971140224 5.417667177306 -36.5539
5.101971140224 5.525143616102 0
5.101971140224 5.632620054898 0
5.101971140224 5.740096493694 0
5.101971140224 5.847572932490 0
5.101971140224 5.955049371286 0
5.101971140224 6.062525810082 0
5.101971140224 6.170002248878 0
5.101971140224 6.277478687673 0
5.101971140224 6.384955126469 0
5.101971140224 6.492431565265 0
5.101971140224 6.599908004061 0
5.101971140224 6.707384442857 0
5.101971140224 6.814860881653 0
5.101971140224 6.922337320449 0
5.101971140224 7.029813759245 0
5.101971140224 7.137290198041 0
5.101971140224 7.244766636837 0
5.101971140224 7.352243075633 0
5.101971140224 7.459719514429 0
5.101971140224 7.567195953224 0
5.101971140224 7.674672392020 0
5.101971140224 7.782148830816 0
5.101971140224 7.889625269612 0
5.101971140224 7.997101708408 0
5.101971140224 8.104578147204 0
5.101971140224 8.212054586000 0

5.209338861286 2.945709085000 0
5.209338861286 3.053185523796 -36.073
5.209338861286 3.160661962592 -37.403
5.209338861286 3.268138401388 -37.408
5.209338861286 3.375614840184 -37.4118
5.209338861286 3.483091278980 -37.4139
5.209338861286 3.590567717776 -37.4149
5.209338861286 3.698044156571 -37.4152
5.209338861286 3.805520595367 -37.4148
5.209338861286 3.912997034163 -37.4136
5.209338861286 4.020473472959 -37.4124
5.209338861286 4.127949911755 -37.4113
5.209338861286 4.235426350551 -37.4093
5.209338861286 4.342902789347 -37.4075
5.209338861286 4.450379228143 -37.4057
5.209338861286 4.557855666939 -37.4037
5.209338861286 4.665332105735 -37.4016
5.209338861286 4.772808544531 -37.4003
5.209338861286 4.880284983327 -37.3984
5.209338861286 4.987761422122 -37.3955
5.209338861286 5.095237860918 -37.3818
5.209338861286 5.202714299714 -37.2978
5.209338861286 5.310190738510 -36.775
5.209338861286 5.417667177306 0
5.209338861286 5.525143616102 0
5.209338861286 5.632620054898 0
5.209338861286 5.740096493694 0
5.209338861286 5.847572932490 0
5.209338861286 5.955049371286 0
5.209338861286 6.062525810082 0
5.209338861286 6.170002248878 0
5.209338861286 6.277478687673 0
5.209338861286 6.384955126469 0
5.209338861286 6.492431565265 0
5.209338861286 6.599908004061 0
5.209338861286 6.707384442857 0
5.209338861286 6.814860881653 0
5.209338861286 6.922337320449 0
5.209338861286 7.029813759245 0
5.209338861286 7.137290198041 0
5.209338861286 7.244766636837 0
5.209338861286 7.352243075633 0
5.209338861286 7.459719514429 0
5.209338861286 7.567195953224 0
5.209338861286 7.674672392020 0
5.209338861286 7.782148830816 0
5.209338861286 7.889625269612 0
5.209338861286 7.997101708408 0
5.209338861286 8.104578147204 0
5.209338861286 8.212054586000 0

5.316706582347 2.945709085000 0
5.316706582347 3.053185523796 -37.3871
5.316706582347 3.160661962592 -37.404
5.316706582347 3.268138401388 -37.4099
5.316706582347 3.375614840184 -37.4131
5.316706582347 3.483091278980 -37.4152
5.316706582347 3.590567717776 -37.4161
5.316706582347 3.698044156571 -37.4159
5.316706582347 3.805520595367 -37.4152
5.316706582347 3.912997034163 -37.4142
5.316706582347 4.020473472959 -37.4127
5.316706582347 4.127949911755 -37.4112
5.316706582347 4.235426350551 -37.4092
5.316706582347 4.342902789347 -37.4071
5.316706582347 4.450379228143 -37.405
5.316706582347 4.557855666939 -37.4024
5.316706582347 4.665332105735 -37.4004
5.316706582347 4.772808544531 -37.399
5.316706582347 4.880284983327 -37.3958
5.316706582347 4.987761422122 -37.3846
5.316706582347 5.095237860918 -37.3564
5.316706582347 5.202714299714 -37.2325
5.316706582347 5.310190738510 -31.9386
5.316706582347 5.417667177306 0
5.316706582347 5.525143616102 0
5.316706582347 5.632620054898 0
5.316706582347 5.740096493694 0
5.316706582347 5.847572932490 0
5.316706582347 5.955049371286 0
5.316706582347 6.062525810082 0
5.316706582347 6.170002248878 0
5.316706582347 6.277478687673 0
5.316706582347 6.384955126469 0
5.316706582347 6.492431565265 0
5.316706582347 6.599908004061 0
5.316706582347 6.707384442857 0
5.316706582347 6.814860881653 0
5.316706582347 6.922337320449 0
5.316706582347 7.029813759245 0
5.316706582347 7.137290198041 0
5.316706582347 7.244766636837 0
5.316706582347 7.352243075633 0
5.316706582347 7.459719514429 0
5.316706582347 7.567195953224 0
5.316706582347 7.674672392020 0
5.316706582347 7.782148830816 0
5.316706582347 7.889625269612 0
5.316706582347 7.997101708408 0
5.316706582347 8.104578147204 0
5.316706582347 8.212054586000 0

5.424074303408 2.945709085000 0
5.424074303408 3.053185523796 -37.3912
5.424074303408 3.160661962592 -37.4055
5.424074303408 3.268138401388 -37.4112
5.424074303408 3.375614840184 -37.4144
5.424074303408 3.483091278980 -37.4163
5.424074303408 3.590567717776 -37.4168
5.424074303408 3.698044156571 -37.4167
5.424074303408 3.805520595367 -37.4157
5.424074303408 3.912997034163 -37.4146
5.424074303408 4.020473472959 -37.4127
5.424074303408 4.127949911755 -37.4111
5.424074303408 4.235426350551 -37.4087
5.424074303408 4.342902789347 -37.4067
5.424074303408 4.450379228143 -37.4042
5.424074303408 4.557855666939 -37.4011
5.424074303408 4.665332105735 -37.3997
5.424074303408 4.772808544531 -37.3964
5.424074303408 4.880284983327 -37.3951
5.424074303408 4.987761422122 -37.3668
5.424074303408 5.095237860918 -37.3032
5.424074303408 5.202714299714 -36.4492
5.424074303408 5.310190738510 0
5.424074303408 5.417667177306 0
5.424074303408 5.525143616102 0
5.424074303408 5.632620054898 0
5.424074303408 5.740096493694 0
5.424074303408 5.847572932490 0
5.424074303408 5.955049371286 0
5.424074303408 6.062525810082 0
5.424074303408 6.170002248878 0
5.424074303408 6.277478687673 0
5.424074303408 6.384955126469 0
5.424074303408 6.492431565265 0
5.424074303408 6.599908004061 0
5.424074303408 6.707384442857 0
5.424074303408 6.814860881653 0
5.424074303408 6.922337320449 0
5.424074303408 7.029813759245 0
5.424074303408 7.137290198041 0
5.424074303408 7.244766636837 0
5.424074303408 7.352243075633 0
5.424074303408 7.459719514429 0
5.424074303408 7.567195953224 0
5.424074303408 7.674672392020 0
5.424074303408 7.782148830816 0
5.424074303408 7.889625269612 0
5.424074303408 7.997101708408 0
5.424074303408 8.104578147204 0
5.424074303408 8.212054586000 0

5.531442024469 2.945709085000 0
5.531442024469 3.053185523796 -37.3988
5.531442024469 3.160661962592 -37.4066
5.531442024469 3.268138401388 -37.4119
5.531442024469 3.375614840184 -37.4151
5.531442024469 3.483091278980 -37.4168
5.531442024469 3.590567717776 -37.4173
5.531442024469 3.698044156571 -37.4171
5.531442024469 3.805520595367 -37.416
5.531442024469 3.912997034163 -37.4145
5.531442024469 4.020473472959 -37.4125
5.531442024469 4.127949911755 -37.4105
5.531442024469 4.235426350551 -37.4082
5.531442024469 4.342902789347 -37.4059
5.531442024469 4.450379228143 -37.4029
5.531442024469 4.557855666939 -37.3998
5.531442024469 4.665332105735 -37.3984
5.531442024469 4.772808544531 -37.3928
5.531442024469 4.880284983327 -37.3807
5.531442024469 4.987761422122 -37.3148
5.531442024469 5.095237860918 -26.036
5.531442024469 5.202714299714 0
5.531442024469 5.310190738510 0
5.531442024469 5.417667177306 0
5.531442024469 5.525143616102 0
5.531442024469 5.632620054898 0
5.531442024469 5.740096493694 0
5.531442024469 5.847572932490 0
5.531442024469 5.955049371286 0
5.531442024469 6.062525810082 0
5.531442024469 6.170002248878 0
5.531442024469 6.277478687673 0
5.531442024469 6.384955126469 0
5.531442024469 6.492431565265 0
5.531442024469 6.599908004061 0
5.531442024469 6.707384442857 0
5.531442024469 6.814860881653 0
5.531442024469 6.922337320449 0
5.531442024469 7.029813759245 0
5.531442024469 7.137290198041 0
5.531442024469 7.244766636837 0
5.531442024469 7.352243075633 0
5.531442024469 7.459719514429 0
5.531442024469 7.567195953224 0
5.531442024469 7.674672392020 0
5.531442024469 7.782148830816 0
5.531442024469 7.889625269612 0
5.531442024469 7.997101708408 0
5.531442024469 8.104578147204 0
5.531442024469 8.212054586000 0

5.638809745531 2.945709085000 0
5.638809745531 3.053185523796 -37.3999
5.638809745531 3.160661962592 -37.4076
5.638809745531 3.268138401388 -37.4126
5.638809745531 3.375614840184 -37.416
5.638809745531 3.483091278980 -37.4174
5.638809745531 3.590567717776 -37.4178
5.638809745531 3.698044156571 -37.4173
5.638809745531 3.805520595367 -37.4159
5.638809745531 3.912997034163 -37.4146
5.638809745531 4.020473472959 -37.4123
5.638809745531 4.127949911755 -37.41
5.638809745531 4.235426350551 -37.4073
5.638809745531 4.342902789347 -37.4051
5.638809745531 4.450379228143 -37.4023
5.638809745531 4.557855666939 -37.4003
5.638809745531 4.665332105735 -37.3966
5.638809745531 4.772808544531 -37.3926
5.638809745531 4.880284983327 -37.3616
5.638809745531 4.987761422122 -37.2057
5.638809745531 5.095237860918 0
5.638809745531 5.202714299714 0
5.638809745531 5.310190738510 0
5.638809745531 5.417667177306 0
5.638809745531 5.525143616102 0
5.638809745531 5.632620054898 0
5.638809745531 5.740096493694 0
5.638809745531 5.847572932490 0
5.638809745531 5.955049371286 0
5.638809745531 6.062525810082 0
5.638809745531 6.170002248878 0
5.638809745531 6.277478687673 0
5.638809745531 6.384955126469 0
5.638809745531 6.492431565265 0
5.638809745531 6.599908004061 0
5.638809745531 6.707384442857 0
5.638809745531 6.814860881653 0
5.638809745531 6.922337320449 0
5.638809745531 7.029813759245 0
5.638809745531 7.137290198041 0
5.638809745531 7.244766636837 0
5.638809745531 7.352243075633 0
5.638809745531 7.459719514429 0
5.638809745531 7.567195953224 0
5.638809745531 7.674672392020 0
5.638809745531 7.782148830816 0
5.638809745531 7.889625269612 0
5.638809745531 7.997101708408 0
5.638809745531 8.104578147204 0
5.638809745531 8.212054586000 0

5.746177466592 2.945709085000 0
5.746177466592 3.053185523796 -37.4018
5.746177466592 3.160661962592 -37.4082
5.746177466592 3.268138401388 -37.4133
5.746177466592 3.375614840184 -37.4165
5.746177466592 3.483091278980 -37.4177
5.746177466592 3.590567717776 -37.4179
5.746177466592 3.698044156571 -37.4175
5.746177466592 3.805520595367 -37.4161
5.746177466592 3.912997034163 -37.4143
5.746177466592 4.020473472959 -37.4119
5.746177466592 4.127949911755 -37.4093
5.746177466592 4.235426350551 -37.4071
5.746177466592 4.342902789347 -37.4043
5.746177466592 4.450379228143 -37.4016
5.746177466592 4.557855666939 -37.3978
5.746177466592 4.665332105735 -37.3952
5.746177466592 4.772808544531 -37.3796
5.746177466592 4.880284983327 -36.5504
5.746177466592 4.987761422122 -35.7059
5.746177466592 5.095237860918 0
5.746177466592 5.202714299714 0
5.746177466592 5.310190738510 0
5.746177466592 5.417667177306 0
5.746177466592 5.525143616102 0
5.746177466592 5.632620054898 0
5.746177466592 5.740096493694 0
5.746177466592 5.847572932490 0
5.746177466592 5.955049371286 0
5.746177466592 6.062525810082 0
5.746177466592 6.170002248878 0
5.746177466592 6.277478687673 0
5.746177466592 6.384955126469 0
5.746177466592 6.492431565265 0
5.746177466592 6.599908004061 0
5.746177466592 6.707384442857 0
5.746177466592 6.814860881653 0
5.746177466592 6.922337320449 0
5.746177466592 7.029813759245 0
5.746177466592 7.137290198041 0
5.746177466592 7.244766636837 0
5.746177466592 7.352243075633 0
5.746177466592 7.459719514429 0
5.746177466592 7.567195953224 0
5.746177466592 7.674672392020 0
5.746177466592 7.782148830816 0
5.746177466592 7.889625269612 0
5.746177466592 7.997101708408 0
5.746177466592 8.104578147204 0
5.746177466592 8.212054586000 0

5.853545187653 2.945709085000 0
5.853545187653 3.053185523796 -37.4008
5.853545187653 3.160661962592 -37.4094
5.853545187653 3.268138401388 -37.4139
5.853545187653 3.375614840184 -37.4169
5.853545187653 3.483091278980 -37.4179
5.853545187653 3.590567717776 -37.4182
5.853545187653 3.698044156571 -37.4173
5.853545187653 3.805520595367 -37.4158
5.853545187653 3.912997034163 -37.4139
5.853545187653 4.020473472959 -37.4117
5.853545187653 4.127949911755 -37.4092
5.853545187653 4.235426350551 -37.4064
5.853545187653 4.342902789347 -37.4039
5.853545187653 4.450379228143 -37.4005
5.853545187653 4.557855666939 -37.3975
5.853545187653 4.665332105735 -37.3928
5.853545187653 4.772808544531 -37.3447
5.853545187653 4.880284983327 -36.7639
5.853545187653 4.987761422122 0
5.853545187653 5.095237860918 0
5.853545187653 5.202714299714 0
5.853545187653 5.310190738510 0
5.853545187653 5.417667177306 0
5.853545187653 5.525143616102 0
5.853545187653 5.632620054898 0
5.853545187653 5.740096493694 0
5.853545187653 5.847572932490 0
5.853545187653 5.955049371286 0
5.853545187653 6.062525810082 0
5.853545187653 6.170002248878 0
5.853545187653 6.277478687673 0
5.853545187653 6.384955126469 0
5.853545187653 6.492431565265 0
5.853545187653 6.599908004061 0
5.853545187653 6.707384442857 0
5.853545187653 6.814860881653 0
5.853545187653 6.922337320449 0
5.853545187653 7.029813759245 0
5.853545187653 7.137290198041 0
5.853545187653 7.244766636837 0
5.853545187653 7.352243075633 0
5.853545187653 7.459719514429 0
5.853545187653 7.567195953224 0
5.853545187653 7.674672392020 0
5.853545187653 7.782148830816 0
5.853545187653 7.889625269612 0
5.853545187653 7.997101708408 0
5.853545187653 8.104578147204 0
5.853545187653 8.212054586000 0

5.960912908714 2.945709085000 0
5.960912908714 3.053185523796 -37.402
5.960912908714 3.160661962592 -37.4097
5.960912908714 3.268138401388 -37.4145
5.960912908714 3.375614840184 -37.4171
5.960912908714 3.483091278980 -37.4182
5.960912908714 3.590567717776 -37.4182
5.960912908714 3.698044156571 -37.4173
5.960912908714 3.805520595367 -37.4156
5.960912908714 3.912997034163 -37.4133
5.960912908714 4.020473472959 -37.4111
5.960912908714 4.127949911755 -37.4084
5.960912908714 4.235426350551 -37.406
5.960912908714 4.342902789347 -37.4034
5.960912908714 4.450379228143 -37.3993
5.960912908714 4.557855666939 -37.3976
5.960912908714 4.665332105735 -37.3875
5.960912908714 4.772808544531 -37.3084
5.960912908714 4.880284983327 -37.0246
5.960912908714 4.987761422122 0
5.960912908714 5.095237860918 0
5.960912908714 5.202714299714 0
5.960912908714 5.310190738510 0
5.960912908714 5.417667177306 0
5.960912908714 5.525143616102 0
5.960912908714 5.632620054898 0
5.960912908714 5.740096493694 0
5.960912908714 5.847572932490 0
5.960912908714 5.955049371286 0
5.960912908714 6.062525810082 0
5.960912908714 6.170002248878 0
5.960912908714 6.277478687673 0
5.960912908714 6.384955126469 0
5.960912908714 6.492431565265 0
5.960912908714 6.599908004061 0
5.960912908714 6.707384442857 0
5.960912908714 6.814860881653 0
5.960912908714 6.922337320449 0
5.960912908714 7.029813759245 0
5.960912908714 7.137290198041 0
5.960912908714 7.244766636837 0
5.960912908714 7.352243075633 0
5.960912908714 7.459719514429 0
5.960912908714 7.567195953224 0
5.960912908714 7.674672392020 0
5.960912908714 7.782148830816 0
5.960912908714 7.889625269612 0
5.960912908714 7.997101708408 0
5.960912908714 8.104578147204 0
5.960912908714 8.212054586000 0

6.068280629776 2.945709085000 0
6.068280629776 3.053185523796 -37.4027
6.068280629776 3.160661962592 -37.4099
6.068280629776 3.268138401388 -37.415
6.068280629776 3.375614840184 -37.4174
6.068280629776 3.483091278980 -37.4184
6.068280629776 3.590567717776 -37.4183
6.068280629776 3.698044156571 -37.4172
6.068280629776 3.805520595367 -37.4155
6.068280629776 3.912997034163 -37.4132
6.068280629776 4.020473472959 -37.4105
6.068280629776 4.127949911755 -37.4079
6.068280629776 4.235426350551 -37.4053
6.068280629776 4.342902789347 -37.402
6.068280629776 4.450379228143 -37.399
6.068280629776 4.557855666939 -37.3944
6.068280629776 4.665332105735 -37.3755
6.068280629776 4.772808544531 -37.2154
6.068280629776 4.880284983327 0
6.068280629776 4.987761422122 0
6.068280629776 5.095237860918 0
6.068280629776 5.202714299714 0
6.068280629776 5.310190738510 0
6.068280629776 5.417667177306 0
6.068280629776 5.525143616102 0
6.068280629776 5.632620054898 0
6.068280629776 5.740096493694 0
6.068280629776 5.847572932490 0
6.068280629776 5.955049371286 0
6.068280629776 6.062525810082 0
6.068280629776 6.170002248878 0
6.068280629776 6.277478687673 0
6.068280629776 6.384955126469 0
6.068280629776 6.492431565265 0
6.068280629776 6.599908004061 0
6.068280629776 6.707384442857 0
6.068280629776 6.814860881653 0
6.068280629776 6.922337320449 0
6.068280629776 7.029813759245 0
6.068280629776 7.137290198041 0
6.068280629776 7.244766636837 0
6.068280629776 7.352243075633 0
6.068280629776 7.459719514429 0
6.068280629776 7.567195953224 0
6.068280629776 7.674672392020 0
6.068280629776 7.782148830816 0
6.068280629776 7.889625269612 0
6.068280629776 7.997101708408 0
6.068280629776 8.104578147204 0
6.068280629776 8.212054586000 0

6.175648350837 2.945709085000 -37.3255
6.175648350837 3.053185523796 -37.4036
6.175648350837 3.160661962592 -37.4109
6.175648350837 3.268138401388 -37.4154
6.175648350837 3.375614840184 -37.4175
6.175648350837 3.483091278980 -37.4184
6.175648350837 3.590567717776 -37.4182
6.175648350837 3.698044156571 -37.4172
6.175648350837 3.805520595367 -37.4152
6.175648350837 3.912997034163 -37.413
6.175648350837 4.020473472959 -37.41
6.175648350837 4.127949911755 -37.4072
6.175648350837 4.235426350551 -37.4041
6.175648350837 4.342902789347 -37.401
6.175648350837 4.450379228143 -37.3983
6.175648350837 4.557855666939 -37.3917
6.175648350837 4.665332105735 -37.3705
6.175648350837 4.772808544531 0
6.175648350837 4.880284983327 0
6.175648350837 4.987761422122 0
6.175648350837 5.095237860918 0
6.175648350837 5.202714299714 0
6.175648350837 5.310190738510 0
6.175648350837 5.417667177306 0
6.175648350837 5.525143616102 0
6.175648350837 5.632620054898 0
6.175648350837 5.740096493694 0
6.175648350837 5.847572932490 0
6.175648350837 5.955049371286 0
6.175648350837 6.062525810082 0
6.175648350837 6.170002248878 0
6.175648350837 6.277478687673 0
6.175648350837 6.384955126469 0
6.175648350837 6.492431565265 0
6.175648350837 6.599908004061 0
6.175648350837 6.707384442857 0
6.175648350837 6.814860881653 0
6.175648350837 6.922337320449 0
6.175648350837 7.029813759245 0
6.175648350837 7.137290198041 0
6.175648350837 7.244766636837 0
6.175648350837 7.352243075633 0
6.175648350837 7.459719514429 0
6.175648350837 7.567195953224 0
6.175648350837 7.674672392020 0
6.175648350837 7.782148830816 0
6.175648350837 7.889625269612 0
6.175648350837 7.997101708408 0
6.175648350837 8.104578147204 0
6.175648350837 8.212054586000 0

6.283016071898 2.945709085000 -36.296
6.283016071898 3.053185523796 -37.4033
6.283016071898 3.160661962592 -37.4112
6.283016071898 3.268138401388 -37.4155
6.283016071898 3.375614840184 -37.4177
6.283016071898 3.483091278980 -37.4184
6.283016071898 3.590567717776 -37.4182
6.283016071898 3.698044156571 -37.417
6.283016071898 3.805520595367 -37.415
6.283016071898 3.912997034163 -37.4127
6.283016071898 4.020473472959 -37.4095
6.283016071898 4.127949911755 -37.4062
6.283016071898 4.235426350551 -37.403
6.283016071898 4.342902789347 -37.4003
6.283016071898 4.450379228143 -37.3968
6.283016071898 4.557855666939 -37.3902
6.283016071898 4.665332105735 -37.2596
6.283016071898 4.772808544531 0
6.283016071898 4.880284983327 0
6.283016071898 4.987761422122 0
6.283016071898 5.095237860918 0
6.283016071898 5.202714299714 0
6.283016071898 5.310190738510 0
6.283016071898 5.417667177306 0
6.283016071898 5.525143616102 0
6.283016071898 5.632620054898 0
6.283016071898 5.740096493694 0
6.283016071898 5.847572932490 0
6.283016071898 5.955049371286 0
6.283016071898 6.062525810082 0
6.283016071898 6.170002248878 0
6.283016071898 6.277478687673 0
6.283016071898 6.384955126469 0
6.283016071898 6.492431565265 0
6.283016071898 6.599908004061 0
6.283016071898 6.707384442857 0
6.283016071898 6.814860881653 0
6.283016071898 6.922337320449 0
6.283016071898 7.029813759245 0
6.283016071898 7.137290198041 0
6.283016071898 7.244766636837 0
6.283016071898 7.352243075633 0
6.283016071898 7.459719514429 0
6.283016071898 7.567195953224 0
6.283016071898 7.674672392020 0
6.283016071898 7.782148830816 0
6.283016071898 7.889625269612 0
6.283016071898 7.997101708408 0
6.283016071898 8.104578147204 0
6.283016071898 8.212054586000 0

6.390383792959 2.945709085000 -37.1158
6.390383792959 3.053185523796 -37.4038
6.390383792959 3.160661962592 -37.4116
6.390383792959 3.268138401388 -37.4157
6.390383792959 3.375614840184 -37.4178
6.390383792959 3.483091278980 -37.4186
6.390383792959 3.590567717776 -37.4181
6.390383792959 3.698044156571 -37.4169
6.390383792959 3.805520595367 -37.4147
6.390383792959 3.912997034163 -37.4119
6.390383792959 4.020473472959 -37.4093
6.390383792959 4.127949911755 -37.4056
6.390383792959 4.235426350551 -37.4024
6.390383792959 4.342902789347 -37.3991
6.390383792959 4.450379228143 -37.3963
6.390383792959 4.557855666939 -37.3807
6.390383792959 4.665332105735 0
6.390383792959 4.772808544531 0
6.390383792959 4.880284983327 0
6.390383792959 4.987761422122 0
6.390383792959 5.095237860918 0
6.390383792959 5.202714299714 0
6.390383792959 5.310190738510 0
6.390383792959 5.417667177306 0
6.390383792959 5.525143616102 0
6.390383792959 5.632620054898 0
6.390383792959 5.740096493694 0
6.390383792959 5.847572932490 0
6.390383792959 5.955049371286 0
6.390383792959 6.062525810082 0
6.390383792959 6.170002248878 0
6.390383792959 6.277478687673 0
6.390383792959 6.384955126469 0
6.390383792959 6.492431565265 0
6.390383792959 6.599908004061 0
6.390383792959 6.707384442857 0
6.390383792959 6.814860881653 0
6.390383792959 6.922337320449 0
6.390383792959 7.029813759245 0
6.390383792959 7.137290198041 0
6.390383792959 7.244766636837 0
6.390383792959 7.352243075633 0
6.390383792959 7.459719514429 0
6.390383792959 7.567195953224 0
6.390383792959 7.674672392020 0
6.390383792959 7.782148830816 0
6.390383792959 7.889625269612 0
6.390383792959 7.997101708408 0
6.390383792959 8.104578147204 0
6.390383792959 8.212054586000 0

6.497751514020 2.945709085000 -37.3711
6.497751514020 3.053185523796 -37.4042
6.497751514020 3.160661962592 -37.4112
6.497751514020 3.268138401388 -37.4157
6.497751514020 3.375614840184 -37.418
6.497751514020 3.483091278980 -37.4186
6.497751514020 3.590567717776 -37.418
6.497751514020 3.698044156571 -37.4166
6.497751514020 3.805520595367 -37.4144
6.497751514020 3.912997034163 -37.4117
6.497751514020 4.020473472959 -37.4084
6.497751514020 4.127949911755 -37.4051
6.497751514020 4.235426350551 -37.4021
6.497751514020 4.342902789347 -37.3979
6.497751514020 4.450379228143 -37.394
6.497751514020 4.557855666939 -37.3686
6.497751514020 4.665332105735 -36.2415
6.497751514020 4.772808544531 0
6.497751514020 4.880284983327 0
6.497751514020 4.987761422122 0
6.497751514020 5.095237860918 0
6.497751514020 5.202714299714 0
6.497751514020 5.310190738510 0
6.497751514020 5.417667177306 0
6.497751514020 5.525143616102 0
6.497751514020 5.632620054898 0
6.497751514020 5.740096493694 0
6.497751514020 5.847572932490 0
6.497751514020 5.955049371286 0
6.497751514020 6.062525810082 0
6.497751514020 6.170002248878 0
6.497751514020 6.277478687673 0
6.497751514020 6.384955126469 0
6.497751514020 6.492431565265 0
6.497751514020 6.599908004061 0
6.497751514020 6.707384442857 0
6.497751514020 6.814860881653 0
6.497751514020 6.922337320449 0
6.497751514020 7.029813759245 0
6.497751514020 7.137290198041 0
6.497751514020 7.244766636837 0
6.497751514020 7.352243075633 0
6.497751514020 7.459719514429 0
6.497751514020 7.567195953224 0
6.497751514020 7.674672392020 0
6.497751514020 7.782148830816 0
6.497751514020 7.889625269612 0
6.497751514020 7.997101708408 0
6.497751514020 8.104578147204 0
6.497751514020 8.212054586000 0

6.605119235082 2.945709085000 -37.3854
6.605119235082 3.053185523796 -37.4042
6.605119235082 3.160661962592 -37.4114
6.605119235082 3.268138401388 -37.4157
6.605119235082 3.375614840184 -37.4179
6.605119235082 3.483091278980 -37.4184
6.605119235082 3.590567717776 -37.418
6.605119235082 3.698044156571 -37.4165
6.605119235082 3.805520595367 -37.4141
6.605119235082 3.912997034163 -37.4112
6.605119235082 4.020473472959 -37.4078
6.605119235082 4.127949911755 -37.4052
6.605119235082 4.235426350551 -37.4015
6.605119235082 4.342902789347 -37.3976
6.605119235082 4.450379228143 -37.3931
6.605119235082 4.557855666939 -37.3536
6.605119235082 4.665332105735 -33.6955
6.605119235082 4.772808544531 0
6.605119235082 4.880284983327 0
6.605119235082 4.987761422122 0
6.605119235082 5.095237860918 0
6.605119235082 5.202714299714 0
6.605119235082 5.310190738510 0
6.605119235082 5.417667177306 0
6.605119235082 5.525143616102 0
6.605119235082 5.632620054898 0
6.605119235082 5.740096493694 0
6.605119235082 5.847572932490 0
6.605119235082 5.955049371286 0
6.605119235082 6.062525810082 0
6.605119235082 6.170002248878 0
6.605119235082 6.277478687673 0
6.605119235082 6.384955126469 0
6.605119235082 6.492431565265 0
6.605119235082 6.599908004061 0
6.605119235082 6.707384442857 0
6.605119235082 6.814860881653 0
6.605119235082 6.922337320449 0
6.605119235082 7.029813759245 0
6.605119235082 7.137290198041 0
6.605119235082 7.244766636837 0
6.605119235082 7.352243075633 0
6.605119235082 7.459719514429 0
6.605119235082 7.567195953224 0
6.605119235082 7.674672392020 0
6.605119235082 7.782148830816 0
6.605119235082 7.889625269612 0
6.605119235082 7.997101708408 0
6.605119235082 8.104578147204 0
6.605119235082 8.212054586000 0

6.712486956143 2.945709085000 -37.3484
6.712486956143 3.053185523796 -37.4044
6.712486956143 3.160661962592 -37.4117
6.712486956143 3.268138401388 -37.4158
6.712486956143 3.375614840184 -37.4178
6.712486956143 3.483091278980 -37.4183
6.712486956143 3.590567717776 -37.4177
6.712486956143 3.698044156571 -37.4162
6.712486956143 3.805520595367 -37.4138
6.712486956143 3.912997034163 -37.411
6.712486956143 4.020473472959 -37.4076
6.712486956143 4.127949911755 -37.4042
6.712486956143 4.235426350551 -37.4005
6.712486956143 4.342902789347 -37.3956
6.712486956143 4.450379228143 -37.389
6.712486956143 4.557855666939 -37.3437
6.712486956143 4.665332105735 0
6.712486956143 4.772808544531 0
6.712486956143 4.880284983327 0
6.712486956143 4.987761422122 0
6.712486956143 5.095237860918 0
6.712486956143 5.202714299714 0
6.712486956143 5.310190738510 0
6.712486956143 5.417667177306 0
6.712486956143 5.525143616102 0
6.712486956143 5.632620054898 0
6.712486956143 5.740096493694 0
6.712486956143 5.847572932490 0
6.712486956143 5.955049371286 0
6.712486956143 6.062525810082 0
6.712486956143 6.170002248878 0
6.712486956143 6.277478687673 0
6.712486956143 6.384955126469 0
6.712486956143 6.492431565265 0
6.712486956143 6.599908004061 0
6.712486956143 6.707384442857 0
6.712486956143 6.814860881653 0
6.712486956143 6.922337320449 0
6.712486956143 7.029813759245 0
6.712486956143 7.137290198041 0
6.712486956143 7.244766636837 0
6.712486956143 7.352243075633 0
6.712486956143 7.459719514429 0
6.712486956143 7.567195953224 0
6.712486956143 7.674672392020 0
6.712486956143 7.782148830816 0
6.712486956143 7.889625269612 0
6.712486956143 7.997101708408 0
6.712486956143 8.104578147204 0
6.712486956143 8.212054586000 0

6.819854677204 2.945709085000 -37.3207
6.819854677204 3.053185523796 -37.4044
6.819854677204 3.160661962592 -37.4115
6.819854677204 3.268138401388 -37.4158
6.819854677204 3.375614840184 -37.4178
6.819854677204 3.483091278980 -37.4182
6.819854677204 3.590567717776 -37.4177
6.819854677204 3.698044156571 -37.4158
6.819854677204 3.805520595367 -37.4135
6.819854677204 3.912997034163 -37.4107
6.819854677204 4.020473472959 -37.4071
6.819854677204 4.127949911755 -37.4038
6.819854677204 4.235426350551 -37.3997
6.819854677204 4.342902789347 -37.3965
6.819854677204 4.450379228143 -37.3864
6.819854677204 4.557855666939 0
6.819854677204 4.665332105735 0
6.819854677204 4.772808544531 0
6.819854677204 4.880284983327 0
6.819854677204 4.987761422122 0
6.819854677204 5.095237860918 0
6.819854677204 5.202714299714 0
6.819854677204 5.310190738510 0
6.819854677204 5.417667177306 0
6.819854677204 5.525143616102 0
6.819854677204 5.632620054898 0
6.819854677204 5.740096493694 0
6.819854677204 5.847572932490 0
6.819854677204 5.955049371286 0
6.819854677204 6.062525810082 0
6.819854677204 6.170002248878 0
6.819854677204 6.277478687673 0
6.819854677204 6.384955126469 0
6.819854677204 6.492431565265 0
6.819854677204 6.599908004061 0
6.819854677204 6.707384442857 0
6.819854677204 6.814860881653 0
6.819854677204 6.922337320449 0
6.819854677204 7.029813759245 0
6.819854677204 7.137290198041 0
6.819854677204 7.244766636837 0
6.819854677204 7.352243075633 0
6.819854677204 7.459719514429 0
6.819854677204 7.567195953224 0
6.819854677204 7.674672392020 0
6.819854677204 7.782148830816 0
6.819854677204 7.889625269612 0
6.819854677204 7.997101708408 0
6.819854677204 8.104578147204 0
6.819854677204 8.212054586000 0

6.927222398265 2.945709085000 -37.3024
6.927222398265 3.053185523796 -37.4046
6.927222398265 3.160661962592 -37.4116
6.927222398265 3.268138401388 -37.4154
6.927222398265 3.375614840184 -37.4176
6.927222398265 3.483091278980 -37.4181
6.927222398265 3.590567717776 -37.4174
6.927222398265 3.698044156571 -37.4155
6.927222398265 3.805520595367 -37.4131
6.927222398265 3.912997034163 -37.41
6.927222398265 4.020473472959 -37.4068
6.927222398265 4.127949911755 -37.4034
6.927222398265 4.235426350551 -37.3989
6.927222398265 4.342902789347 -37.3952
6.927222398265 4.450379228143 -37.375
6.927222398265 4.557855666939 0
6.927222398265 4.665332105735 0
6.927222398265 4.772808544531 0
6.927222398265 4.880284983327 0
6.927222398265 4.987761422122 0
6.927222398265 5.095237860918 0
6.927222398265 5.202714299714 0
6.927222398265 5.310190738510 0
6.927222398265 5.417667177306 0
6.927222398265 5.525143616102 0
6.927222398265 5.632620054898 0
6.927222398265 5.740096493694 0
6.927222398265 5.847572932490 0
6.927222398265 5.955049371286 0
6.927222398265 6.062525810082 0
6.927222398265 6.170002248878 0
6.927222398265 6.277478687673 0
6.927222398265 6.384955126469 0
6.927222398265 6.492431565265 0
6.927222398265 6.599908004061 0
6.927222398265 6.707384442857 0
6.927222398265 6.814860881653 0
6.927222398265 6.922337320449 0
6.927222398265 7.029813759245 0
6.927222398265 7.137290198041 0
6.927222398265 7.244766636837 0
6.927222398265 7.352243075633 0
6.927222398265 7.459719514429 0
6.927222398265 7.567195953224 0
6.927222398265 7.674672392020 0
6.927222398265 7.782148830816 0
6.927222398265 7.889625269612 0
6.927222398265 7.997101708408 0
6.927222398265 8.104578147204 0
6.927222398265 8.212054586000 0

7.034590119327 2.945709085000 -37.2326
7.034590119327 3.053185523796 -37.4043
7.034590119327 3.160661962592 -37.4111
7.034590119327 3.268138401388 -37.4154
7.034590119327 3.375614840184 -37.4173
7.034590119327 3.483091278980 -37.4178
7.034590119327 3.590567717776 -37.4171
7.034590119327 3.698044156571 -37.4155
7.034590119327 3.805520595367 -37.4127
7.034590119327 3.912997034163 -37.4095
7.034590119327 4.020473472959 -37.4063
7.034590119327 4.127949911755 -37.4025
7.034590119327 4.235426350551 -37.3995
7.034590119327 4.342902789347 -37.396
7.034590119327 4.450379228143 -37.3764
7.034590119327 4.557855666939 0
7.034590119327 4.665332105735 0
7.034590119327 4.772808544531 0
7.034590119327 4.880284983327 0
7.034590119327 4.987761422122 0
7.034590119327 5.095237860918 0
7.034590119327 5.202714299714 0
7.034590119327 5.310190738510 0
7.034590119327 5.417667177306 0
7.034590119327 5.525143616102 0
7.034590119327 5.632620054898 0
7.034590119327 5.740096493694 0
7.034590119327 5.847572932490 0
7.034590119327 5.955049371286 0
7.034590119327 6.062525810082 0
7.034590119327 6.170002248878 0
7.034590119327 6.277478687673 0
7.034590119327 6.384955126469 0
7.034590119327 6.492431565265 0
7.034590119327 6.599908004061 0
7.034590119327 6.707384442857 0
7.034590119327 6.814860881653 0
7.034590119327 6.922337320449 0
7.034590119327 7.029813759245 0
7.034590119327 7.137290198041 0
7.034590119327 7.244766636837 0
7.034590119327 7.352243075633 0
7.034590119327 7.459719514429 0
7.034590119327 7.567195953224 0
7.034590119327 7.674672392020 0
7.034590119327 7.782148830816 0
7.034590119327 7.889625269612 0
7.034590119327 7.997101708408 0
7.034590119327 8.104578147204 0
7.034590119327 8.212054586000 0

7.141957840388 2.945709085000 -37.3767
7.141957840388 3.053185523796 -37.4041
7.141957840388 3.160661962592 -37.4112
7.141957840388 3.268138401388 -37.4151
7.141957840388 3.375614840184 -37.4172
7.141957840388 3.483091278980 -37.4176
7.141957840388 3.590567717776 -37.4169
7.141957840388 3.698044156571 -37.4152
7.141957840388 3.805520595367 -37.4125
7.141957840388 3.912997034163 -37.4096
7.141957840388 4.020473472959 -37.4057
7.141957840388 4.127949911755 -37.4022
7.141957840388 4.235426350551 -37.3977
7.141957840388 4.342902789347 -37.3949
7.141957840388 4.450379228143 -37.3225
7.141957840388 4.557855666939 -35.024
7.141957840388 4.665332105735 0
7.141957840388 4.772808544531 0
7.141957840388 4.880284983327 0
7.141957840388 4.987761422122 0
7.141957840388 5.095237860918 0
7.141957840388 5.202714299714 0
7.141957840388 5.310190738510 0
7.141957840388 5.417667177306 0
7.141957840388 5.525143616102 0
7.141957840388 5.632620054898 0
7.141957840388 5.740096493694 0
7.141957840388 5.847572932490 0
7.141957840388 5.955049371286 0
7.141957840388 6.062525810082 0
7.141957840388 6.170002248878 0
7.141957840388 6.277478687673 0
7.141957840388 6.384955126469 0
7.141957840388 6.492431565265 0
7.141957840388 6.599908004061 0
7.141957840388 6.707384442857 0
7.141957840388 6.814860881653 0
7.141957840388 6.922337320449 0
7.141957840388 7.029813759245 0
7.141957840388 7.137290198041 0
7.141957840388 7.244766636837 0
7.141957840388 7.352243075633 0
7.141957840388 7.459719514429 0
7.141957840388 7.567195953224 0
7.141957840388 7.674672392020 0
7.141957840388 7.782148830816 0
7.141957840388 7.889625269612 0
7.141957840388 7.997101708408 0
7.141957840388 8.104578147204 0
7.141957840388 8.212054586000 0

7.249325561449 2.945709085000 -37.2323
7.249325561449 3.053185523796 -37.4035
7.249325561449 3.160661962592 -37.4107
7.249325561449 3.268138401388 -37.415
7.249325561449 3.375614840184 -37.417
7.249325561449 3.483091278980 -37.4173
7.249325561449 3.590567717776 -37.4166
7.249325561449 3.698044156571 -37.4149
7.249325561449 3.805520595367 -37.4124
7.249325561449 3.912997034163 -37.4092
7.249325561449 4.020473472959 -37.4054
7.249325561449 4.127949911755 -37.4014
7.249325561449 4.235426350551 -37.3982
7.249325561449 4.342902789347 -37.3911
7.249325561449 4.450379228143 -37.3324
7.249325561449 4.557855666939 0
7.249325561449 4.665332105735 0
7.249325561449 4.772808544531 0
7.249325561449 4.880284983327 0
7.249325561449 4.987761422122 0
7.249325561449 5.095237860918 0
7.249325561449 5.202714299714 0
7.249325561449 5.310190738510 0
7.249325561449 5.417667177306 0
7.249325561449 5.525143616102 0
7.249325561449 5.632620054898 0
7.249325561449 5.740096493694 0
7.249325561449 5.847572932490 0
7.249325561449 5.955049371286 0
7.249325561449 6.062525810082 0
7.249325561449 6.170002248878 0
7.249325561449 6.277478687673 0
7.249325561449 6.384955126469 0
7.249325561449 6.492431565265 0
7.249325561449 6.599908004061 0
7.249325561449 6.707384442857 0
7.249325561449 6.814860881653 0
7.249325561449 6.922337320449 0
7.249325561449 7.029813759245 0
7.249325561449 7.137290198041 0
7.249325561449 7.244766636837 0
7.249325561449 7.352243075633 0
7.249325561449 7.459719514429 0
7.249325561449 7.567195953224 0
7.249325561449 7.674672392020 0
7.249325561449 7.782148830816 0
7.249325561449 7.889625269612 0
7.249325561449 7.997101708408 0
7.249325561449 8.104578147204 0
7.249325561449 8.212054586000 0

7.356693282510 2.945709085000 -37.221
7.356693282510 3.053185523796 -37.4028
7.356693282510 3.160661962592 -37.4108
7.356693282510 3.268138401388 -37.4145
7.356693282510 3.375614840184 -37.4164
7.356693282510 3.483091278980 -37.4169
7.356693282510 3.590567717776 -37.4163
7.356693282510 3.698044156571 -37.4145
7.356693282510 3.805520595367 -37.412
7.356693282510 3.912997034163 -37.4085
7.356693282510 4.020473472959 -37.4051
7.356693282510 4.127949911755 -37.4012
7.356693282510 4.235426350551 -37.397
7.356693282510 4.342902789347 -37.3904
7.356693282510 4.450379228143 -37.312
7.356693282510 4.557855666939 0
7.356693282510 4.665332105735 0
7.356693282510 4.772808544531 0
7.356693282510 4.880284983327 0
7.356693282510 4.987761422122 0
7.356693282510 5.095237860918 0
7.356693282510 5.202714299714 0
7.356693282510 5.310190738510 0
7.356693282510 5.417667177306 0
7.356693282510 5.525143616102 0
7.356693282510 5.632620054898 0
7.356693282510 5.740096493694 0
7.356693282510 5.847572932490 0
7.356693282510 5.955049371286 0
7.356693282510 6.062525810082 0
7.356693282510 6.170002248878 0
7.356693282510 6.277478687673 0
7.356693282510 6.384955126469 0
7.356693282510 6.492431565265 0
7.356693282510 6.599908004061 0
7.356693282510 6.707384442857 0
7.356693282510 6.814860881653 0
7.356693282510 6.922337320449 0
7.356693282510 7.029813759245 0
7.356693282510 7.137290198041 0
7.356693282510 7.244766636837 0
7.356693282510 7.352243075633 0
7.356693282510 7.459719514429 0
7.356693282510 7.567195953224 0
7.356693282510 7.674672392020 0
7.356693282510 7.782148830816 0
7.356693282510 7.889625269612 0
7.356693282510 7.997101708408 0
7.356693282510 8.104578147204 0
7.356693282510 8.212054586000 0

7.464061003571 2.945709085000 -37.0988
7.464061003571 3.053185523796 -37.403
7.464061003571 3.160661962592 -37.4104
7.464061003571 3.268138401388 -37.4145
7.464061003571 3.375614840184 -37.4162
7.464061003571 3.483091278980 -37.4166
7.464061003571 3.590567717776 -37.4159
7.464061003571 3.698044156571 -37.4142
7.464061003571 3.805520595367 -37.4115
7.464061003571 3.912997034163 -37.408
7.464061003571 4.020473472959 -37.4045
7.464061003571 4.127949911755 -37.4004
7.464061003571 4.235426350551 -37.3971
7.464061003571 4.342902789347 -37.385
7.464061003571 4.450379228143 -34.8368
7.464061003571 4.557855666939 0
7.464061003571 4.665332105735 0
7.464061003571 4.772808544531 0
7.464061003571 4.880284983327 0
7.464061003571 4.987761422122 0
7.464061003571 5.095237860918 0
7.464061003571 5.202714299714 0
7.464061003571 5.310190738510 0
7.464061003571 5.417667177306 0
7.464061003571 5.525143616102 0
7.464061003571 5.632620054898 0
7.464061003571 5.740096493694 0
7.464061003571 5.847572932490 0
7.464061003571 5.955049371286 0
7.464061003571 6.062525810082 0
7.464061003571 6.170002248878 0
7.464061003571 6.277478687673 0
7.464061003571 6.384955126469 0
7.464061003571 6.492431565265 0
7.464061003571 6.599908004061 0
7.464061003571 6.707384442857 0
7.464061003571 6.814860881653 0
7.464061003571 6.922337320449 0
7.464061003571 7.029813759245 0
7.464061003571 7.137290198041 0
7.464061003571 7.244766636837 0
7.464061003571 7.352243075633 0
7.464061003571 7.459719514429 0
7.464061003571 7.567195953224 0
7.464061003571 7.674672392020 0
7.464061003571 7.782148830816 0
7.464061003571 7.889625269612 0
7.464061003571 7.997101708408 0
7.464061003571 8.104578147204 0
7.464061003571 8.212054586000 0

7.571428724633 2.945709085000 -37.3232
7.571428724633 3.053185523796 -37.4032
7.571428724633 3.160661962592 -37.4104
7.571428724633 3.268138401388 -37.4143
7.571428724633 3.375614840184 -37.4161
7.571428724633 3.483091278980 -37.4164
7.571428724633 3.590567717776 -37.4157
7.571428724633 3.698044156571 -37.4139
7.571428724633 3.805520595367 -37.4112
7.571428724633 3.912997034163 -37.4078
7.571428724633 4.020473472959 -37.4047
7.571428724633 4.127949911755 -37.4006
7.571428724633 4.235426350551 -37.3965
7.571428724633 4.342902789347 -37.3756
7.571428724633 4.450379228143 -35.411
7.571428724633 4.557855666939 0
7.571428724633 4.665332105735 0
7.571428724633 4.772808544531 0
7.571428724633 4.880284983327 0
7.571428724633 4.987761422122 0
7.571428724633 5.095237860918 0
7.571428724633 5.202714299714 0
7.571428724633 5.310190738510 0
7.571428724633 5.417667177306 0
7.571428724633 5.525143616102 0
7.571428724633 5.632620054898 0
7.571428724633 5.740096493694 0
7.571428724633 5.847572932490 0
7.571428724633 5.955049371286 0
7.571428724633 6.062525810082 0
7.571428724633 6.170002248878 0
7.571428724633 6.277478687673 0
7.571428724633 6.384955126469 0
7.571428724633 6.492431565265 0
7.571428724633 6.599908004061 0
7.571428724633 6.707384442857 0
7.571428724633 6.814860881653 0
7.571428724633 6.922337320449 0
7.571428724633 7.029813759245 0
7.571428724633 7.137290198041 0
7.571428724633 7.244766636837 0
7.571428724633 7.352243075633 0
7.571428724633 7.459719514429 0
7.571428724633 7.567195953224 0
7.571428724633 7.674672392020 0
7.571428724633 7.782148830816 0
7.571428724633 7.889625269612 0
7.571428724633 7.997101708408 0
7.571428724633 8.104578147204 0
7.571428724633 8.212054586000 0

7.678796445694 2.945709085000 0
7.678796445694 3.053185523796 -37.4033
7.678796445694 3.160661962592 -37.4101
7.678796445694 3.268138401388 -37.4142
7.678796445694 3.375614840184 -37.4159
7.678796445694 3.483091278980 -37.4161
7.678796445694 3.590567717776 -37.4154
7.678796445694 3.698044156571 -37.4134
7.678796445694 3.805520595367 -37.4106
7.678796445694 3.912997034163 -37.4072
7.678796445694 4.020473472959 -37.4034
7.678796445694 4.127949911755 -37.4003
7.678796445694 4.235426350551 -37.3954
7.678796445694 4.342902789347 -37.3618
7.678796445694 4.450379228143 0
7.678796445694 4.557855666939 0
7.678796445694 4.665332105735 0
7.678796445694 4.772808544531 0
7.678796445694 4.880284983327 0
7.678796445694 4.987761422122 0
7.678796445694 5.095237860918 0
7.678796445694 5.202714299714 0
7.678796445694 5.310190738510 0
7.678796445694 5.417667177306 0
7.678796445694 5.525143616102 0
7.678796445694 5.632620054898 0
7.678796445694 5.740096493694 0
7.678796445694 5.847572932490 0
7.678796445694 5.955049371286 0
7.678796445694 6.062525810082 0
7.678796445694 6.170002248878 0
7.678796445694 6.277478687673 0
7.678796445694 6.384955126469 0
7.678796445694 6.492431565265 0
7.678796445694 6.599908004061 0
7.678796445694 6.707384442857 0
7.678796445694 6.814860881653 0
7.678796445694 6.922337320449 0
7.678796445694 7.029813759245 0
7.678796445694 7.137290198041 0
7.678796445694 7.244766636837 0
7.678796445694 7.352243075633 0
7.678796445694 7.459719514429 0
7.678796445694 7.567195953224 0
7.678796445694 7.674672392020 0
7.678796445694 7.782148830816 0
7.678796445694 7.889625269612 0
7.678796445694 7.997101708408 0
7.678796445694 8.104578147204 0
7.678796445694 8.212054586000 0

7.786164166755 2.945709085000 -37.2853
7.786164166755 3.053185523796 -37.4025
7.786164166755 3.160661962592 -37.4096
7.786164166755 3.268138401388 -37.4139
7.786164166755 3.375614840184 -37.4157
7.786164166755 3.483091278980 -37.4158
7.786164166755 3.590567717776 -37.4149
7.786164166755 3.698044156571 -37.4131
7.786164166755 3.805520595367 -37.4103
7.786164166755 3.912997034163 -37.407
7.786164166755 4.020473472959 -37.4034
7.786164166755 4.127949911755 -37.3992
7.786164166755 4.235426350551 -37.3937
7.786164166755 4.342902789347 -37.3525
7.786164166755 4.450379228143 -37.3227
7.786164166755 4.557855666939 0
7.786164166755 4.665332105735 0
7.786164166755 4.772808544531 0
7.786164166755 4.880284983327 0
7.786164166755 4.987761422122 0
7.786164166755 5.095237860918 0
7.786164166755 5.202714299714 0
7.786164166755 5.310190738510 0
7.786164166755 5.417667177306 0
7.786164166755 5.525143616102 0
7.786164166755 5.632620054898 0
7.786164166755 5.740096493694 0
7.786164166755 5.847572932490 0
7.786164166755 5.955049371286 0
7.786164166755 6.062525810082 0
7.786164166755 6.170002248878 0
7.786164166755 6.277478687673 0
7.786164166755 6.384955126469 0
7.786164166755 6.492431565265 0
7.786164166755 6.599908004061 0
7.786164166755 6.707384442857 0
7.786164166755 6.814860881653 0
7.786164166755 6.922337320449 0
7.786164166755 7.029813759245 0
7.786164166755 7.137290198041 0
7.786164166755 7.244766636837 0
7.786164166755 7.352243075633 0
7.786164166755 7.459719514429 0
7.786164166755 7.567195953224 0
7.786164166755 7.674672392020 0
7.786164166755 7.782148830816 0
7.786164166755 7.889625269612 0
7.786164166755 7.997101708408 0
7.786164166755 8.104578147204 0
7.786164166755 8.212054586000 0

7.893531887816 2.945709085000 -37.2597
7.893531887816 3.053185523796 -37.4033
7.893531887816 3.160661962592 -37.4093
7.893531887816 3.268138401388 -37.4136
7.893531887816 3.375614840184 -37.4154
7.893531887816 3.483091278980 -37.4157
7.893531887816 3.590567717776 -37.4148
7.893531887816 3.698044156571 -37.4126
7.893531887816 3.805520595367 -37.4103
7.893531887816 3.912997034163 -37.4068
7.893531887816 4.020473472959 -37.4027
7.893531887816 4.127949911755 -37.3984
7.893531887816 4.235426350551 -37.3945
7.893531887816 4.342902789347 -37.3643
7.893531887816 4.450379228143 -37.3271
7.893531887816 4.557855666939 0
7.893531887816 4.665332105735 0
7.893531887816 4.772808544531 0
7.893531887816 4.880284983327 0
7.893531887816 4.987761422122 0
7.893531887816 5.095237860918 0
7.893531887816 5.202714299714 0
7.893531887816 5.310190738510 0
7.893531887816 5.417667177306 0
7.893531887816 5.525143616102 0
7.893531887816 5.632620054898 0
7.893531887816 5.740096493694 0
7.893531887816 5.847572932490 0
7.893531887816 5.955049371286 0
7.893531887816 6.062525810082 0
7.893531887816 6.170002248878 0
7.893531887816 6.277478687673 0
7.893531887816 6.384955126469 0
7.893531887816 6.492431565265 0
7.893531887816 6.599908004061 0
7.893531887816 6.707384442857 0
7.893531887816 6.814860881653 0
7.893531887816 6.922337320449 0
7.893531887816 7.029813759245 0
7.893531887816 7.137290198041 0
7.893531887816 7.244766636837 0
7.893531887816 7.352243075633 0
7.893531887816 7.459719514429 0
7.893531887816 7.567195953224 0
7.893531887816 7.674672392020 0
7.893531887816 7.782148830816 0
7.893531887816 7.889625269612 0
7.893531887816 7.997101708408 0
7.893531887816 8.104578147204 0
7.893531887816 8.212054586000 0

8.000899608878 2.945709085000 -36.9909
8.000899608878 3.053185523796 -37.4025
8.000899608878 3.160661962592 -37.4091
8.000899608878 3.268138401388 -37.4133
8.000899608878 3.375614840184 -37.4152
8.000899608878 3.483091278980 -37.4154
8.000899608878 3.590567717776 -37.4145
8.000899608878 3.698044156571 -37.4125
8.000899608878 3.805520595367 -37.4097
8.000899608878 3.912997034163 -37.4063
8.000899608878 4.020473472959 -37.4021
8.000899608878 4.127949911755 -37.3985
8.000899608878 4.235426350551 -37.3935
8.000899608878 4.342902789347 -37.3856
8.000899608878 4.450379228143 0
8.000899608878 4.557855666939 0
8.000899608878 4.665332105735 0
8.000899608878 4.772808544531 0
8.000899608878 4.880284983327 0
8.000899608878 4.987761422122 0
8.000899608878 5.095237860918 0
8.000899608878 5.202714299714 0
8.000899608878 5.310190738510 0
8.000899608878 5.417667177306 0
8.000899608878 5.525143616102 0
8.000899608878 5.632620054898 0
8.000899608878 5.740096493694 0
8.000899608878 5.847572932490 0
8.000899608878 5.955049371286 0
8.000899608878 6.062525810082 0
8.000899608878 6.170002248878 0
8.000899608878 6.277478687673 0
8.000899608878 6.384955126469 0
8.000899608878 6.492431565265 0
8.000899608878 6.599908004061 0
8.000899608878 6.707384442857 0
8.000899608878 6.814860881653 0
8.000899608878 6.922337320449 0
8.000899608878 7.029813759245 0
8.000899608878 7.137290198041 0
8.000899608878 7.244766636837 0
8.000899608878 7.352243075633 0
8.000899608878 7.459719514429 0
8.000899608878 7.567195953224 0
8.000899608878 7.674672392020 0
8.000899608878 7.782148830816 0
8.000899608878 7.889625269612 0
8.000899608878 7.997101708408 0
8.000899608878 8.104578147204 0
8.000899608878 8.212054586000 0

8.108267329939 2.945709085000 0
8.108267329939 3.053185523796 -37.4028
8.108267329939 3.160661962592 -37.4091
8.108267329939 3.268138401388 -37.4132
8.108267329939 3.375614840184 -37.4151
8.108267329939 3.483091278980 -37.4153
8.108267329939 3.590567717776 -37.4142
8.108267329939 3.698044156571 -37.4121
8.108267329939 3.805520595367 -37.4096
8.108267329939 3.912997034163 -37.4058
8.108267329939 4.020473472959 -37.4018
8.108267329939 4.127949911755 -37.3978
8.108267329939 4.235426350551 -37.3933
8.108267329939 4.342902789347 -36.181
8.108267329939 4.450379228143 0
8.108267329939 4.557855666939 0
8.108267329939 4.665332105735 0
8.108267329939 4.772808544531 0
8.108267329939 4.880284983327 0
8.108267329939 4.987761422122 0
8.108267329939 5.095237860918 0
8.108267329939 5.202714299714 0
8.108267329939 5.310190738510 0
8.108267329939 5.417667177306 0
8.108267329939 5.525143616102 0
8.108267329939 5.632620054898 0
8.108267329939 5.740096493694 0
8.108267329939 5.847572932490 0
8.108267329939 5.955049371286 0
8.108267329939 6.062525810082 0
8.108267329939 6.170002248878 0
8.108267329939 6.277478687673 0
8.108267329939 6.384955126469 0
8.108267329939 6.492431565265 0
8.108267329939 6.599908004061 0
8.108267329939 6.707384442857 0
8.108267329939 6.814860881653 0
8.108267329939 6.922337320449 0
8.108267329939 7.029813759245 0
8.108267329939 7.137290198041 0
8.108267329939 7.244766636837 0
8.108267329939 7.352243075633 0
8.108267329939 7.459719514429 0
8.108267329939 7.567195953224 0
8.108267329939 7.674672392020 0
8.108267329939 7.782148830816 0
8.108267329939 7.889625269612 0
8.108267329939 7.997101708408 0
8.108267329939 8.104578147204 0
8.108267329939 8.212054586000 0

8.215635051000 2.945709085000 0
8.215635051000 3.053185523796 -37.4003
8.215635051000 3.160661962592 -37.4078
8.215635051000 3.268138401388 -37.4138
8.215635051000 3.375614840184 -37.4147
8.215635051000 3.483091278980 -37.4153
8.215635051000 3.590567717776 -37.4136
8.215635051000 3.698044156571 -37.4127
8.215635051000 3.805520595367 -37.409
8.215635051000 3.912997034163 -37.4053
8.215635051000 4.020473472959 -37.3996
8.215635051000 4.127949911755 0
8.215635051000 4.235426350551 0
8.215635051000 4.342902789347 0
8.215635051000 4.450379228143 0
8.215635051000 4.557855666939 0
8.215635051000 4.665332105735 0
8.215635051000 4.772808544531 0
8.215635051000 4.880284983327 0
8.215635051000 4.987761422122 0
8.215635051000 5.095237860918 0
8.215635051000 5.202714299714 0
8.215635051000 5.310190738510 0
8.215635051000 5.417667177306 0
8.215635051000 5.525143616102 0
8.215635051000 5.632620054898 0
8.215635051000 5.740096493694 0
8.215635051000 5.847572932490 0
8.215635051000 5.955049371286 0
8.215635051000 6.062525810082 0
8.215635051000 6.170002248878 0
8.215635051000 6.277478687673 0
8.215635051000 6.384955126469 0
8.215635051000 6.492431565265 0
8.215635051000 6.599908004061 0
8.215635051000 6.707384442857 0
8.215635051000 6.814860881653 0
8.215635051000 6.922337320449 0
8.215635051000 7.029813759245 0
8.215635051000 7.137290198041 0
8.215635051000 7.244766636837 0
8.215635051000 7.352243075633 0
8.215635051000 7.459719514429 0
8.215635051000 7.567195953224 0
8.215635051000 7.674672392020 0
8.215635051000 7.782148830816 0
8.215635051000 7.889625269612 0
8.215635051000 7.997101708408 0
8.215635051000 8.104578147204 0
8.215635051000 8.212054586000 0

