8.845e-09 1.34042e-07
2.335e-09 5.96226e-09
1.532e-08 6.12476e-07
8.155e-09 1.04438e-07
6.48e-09 5.35058e-08
1.089e-08 2.28027e-07
8.535e-09 1.0946e-07
4.15e-09 2.26295e-08
7.055e-09 6.93696e-08
8.895e-09 1.19971e-07
8.635e-09 1.07477e-07
3.24e-09 1.07228e-08
5.895e-09 4.21628e-08
4.765e-09 2.52652e-08
2.395e-09 4.52801e-09
5.67e-09 3.97774e-08
5.55e-09 3.30108e-08
5.33e-09 2.86459e-08
5.085e-09 2.99188e-08
5.31e-09 3.34534e-08
3.285e-09 1.26373e-08
1.59e-09 2.72703e-09
9.935e-09 1.68035e-07
6.49e-09 4.93866e-08
9.19e-09 1.73736e-07
6.23e-09 5.49246e-08
7.975e-09 1.06027e-07
7.675e-09 7.88956e-08
1.3065e-08 2.82688e-07
1.0815e-08 1.47212e-07
3.785e-09 1.30123e-08
1.335e-09 2.1142e-09
1.1565e-08 2.58412e-07
6.925e-09 6.91955e-08
5.355e-09 3.31283e-08
3.055e-09 1.24139e-08
4.19e-09 1.98934e-08
7.48e-09 6.70226e-08
6.45e-10 8.34654e-10
2.495e-09 6.97926e-09
1.85e-09 3.74586e-09
9.235e-09 1.54047e-07
4.025e-09 1.73809e-08
1.0135e-08 2.03103e-07
4.42e-09 2.09987e-08
5.05e-09 3.07796e-08
3.12e-09 9.87127e-09
9.27e-09 1.29345e-07
8.32e-09 1.05591e-07
6.885e-09 5.87942e-08
3.75e-09 1.66507e-08
5.555e-09 3.21207e-08
2.45e-09 7.44972e-09
8.17e-09 1.01614e-07
6.225e-09 4.15096e-08
5.04e-09 2.75378e-08
4.525e-09 2.4361e-08
3.075e-09 9.10553e-09
8.39e-09 8.90856e-08
4.69e-09 2.43358e-08
1.2635e-08 3.08783e-07
1.605e-09 3.30095e-09
4.31e-09 1.85049e-08
5.83e-09 3.9294e-08
3.095e-09 8.61468e-09
2.615e-09 7.28424e-09
1.0175e-08 1.6247e-07
5.51e-09 3.58005e-08
1.181e-08 3.53419e-07
4.63e-09 2.43108e-08
3.785e-09 1.69407e-08
5.35e-09 3.00372e-08
5.67e-09 4.16263e-08
1.835e-09 3.64496e-09
3.475e-09 1.16213e-08
1.289e-08 4.04805e-07
3.95e-10 5.07634e-10
7.68e-09 9.52945e-08
4.185e-09 1.91775e-08
1.29e-09 2.11957e-09
2.645e-09 6.89544e-09
6.075e-09 3.50046e-08
1.399e-08 5.77145e-07
6.79e-09 6.38606e-08
3.975e-09 1.84313e-08
5.25e-09 3.71327e-08
1.119e-08 2.65195e-07
8.87e-09 1.15959e-07
4.565e-09 2.19656e-08
4.505e-09 2.54066e-08
5.25e-09 2.9398e-08
9.095e-09 1.36662e-07
3.045e-09 9.21027e-09
4.925e-09 3.05018e-08
3.16e-09 1.22649e-08
9.695e-09 2.19047e-07
2.145e-09 4.71885e-09
6.79e-09 6.25077e-08
4.175e-09 1.89179e-08
6.39e-09 4.68428e-08
1.1925e-08 3.00012e-07
4.95e-09 3.08061e-08
4.135e-09 1.75076e-08
2.55e-10 2.98143e-10
7.545e-09 8.19968e-08
6.105e-09 4.65716e-08
7.475e-09 7.3084e-08
2.815e-09 7.77522e-09
5.445e-09 3.0946e-08
6.725e-09 6.96217e-08
6.39e-09 4.69685e-08
6.32e-09 5.54871e-08
8.64e-09 1.26002e-07
8.95e-10 1.44094e-09
5.775e-09 2.79347e-08
1.59e-09 3.10984e-09
9.46e-09 1.53781e-07
2.775e-09 8.3349e-09
9.255e-09 1.93233e-07
3.385e-09 1.1497e-08
8.75e-09 1.1867e-07
2.515e-09 5.18421e-09
3.38e-09 1.15056e-08
5.755e-09 4.14764e-08
7.425e-09 7.43467e-08
4.295e-09 1.89801e-08
4.185e-09 1.81246e-08
1.825e-09 3.60371e-09
4.77e-09 2.95397e-08
1.098e-08 2.35396e-07
3.47e-09 1.27369e-08
4.02e-09 1.64631e-08
3.415e-09 1.15962e-08
5.86e-09 4.24138e-08
4.555e-09 2.35979e-08
5.94e-09 4.70656e-08
3.01e-09 9.62492e-09
1.815e-09 3.41636e-09
1.1135e-08 1.8378e-07
4.305e-09 1.64247e-08
5.09e-09 2.17612e-08
1.181e-08 3.13398e-07
9.28e-09 1.34631e-07
5.86e-09 3.81755e-08
1.335e-09 2.60148e-09
9.55e-10 1.35407e-09
1.0565e-08 1.6324e-07
1.112e-08 2.01491e-07
1.86e-09 3.91233e-09
8.88e-09 1.09791e-07
9.72e-09 2.08396e-07
4.39e-09 2.08687e-08
5.55e-10 7.11417e-10
5.555e-09 4.10892e-08
8.29e-09 1.44236e-07
3.655e-09 1.47731e-08
8.015e-09 1.02679e-07
6.73e-09 5.96338e-08
7.65e-09 9.39843e-08
1.5345e-08 6.40947e-07
3.5e-09 1.1797e-08
5.92e-09 4.56442e-08
5.64e-09 4.31172e-08
4.415e-09 2.25914e-08
7.73e-09 9.61323e-08
1.141e-08 2.62954e-07
3.215e-09 1.13126e-08
6.81e-09 5.86022e-08
1.0155e-08 1.85325e-07
1.08e-09 1.66216e-09
3.65e-09 1.54894e-08
1.5045e-08 4.20641e-07
3.455e-09 1.12636e-08
6.085e-09 3.95381e-08
2.175e-09 5.75102e-09
8.44e-09 1.02772e-07
5.405e-09 3.41214e-08
6.255e-09 5.40151e-08
3.57e-09 1.29636e-08
6.46e-09 4.75169e-08
1.595e-09 3.44357e-09
4.91e-09 2.67332e-08
8.88e-09 1.09791e-07
1.7105e-08 8.71204e-07
2.795e-09 7.88559e-09
3.075e-09 9.29507e-09
5.815e-09 3.30872e-08
2.985e-09 9.32843e-09
6.815e-09 5.94688e-08
1.086e-08 1.93927e-07
7.27e-09 7.361e-08
1.035e-08 2.14425e-07
1.0425e-08 2.07457e-07
9.375e-09 1.41511e-07
1.3485e-08 4.69433e-07
4.255e-09 2.22006e-08
3.865e-09 1.42821e-08
8.835e-09 1.11839e-07
1.127e-08 3.47743e-07
2.75e-09 7.08017e-09
4.585e-09 2.06392e-08
2.485e-09 6.49543e-09
1.3255e-08 4.36086e-07
1.16e-09 1.74588e-09
1.245e-09 2.42925e-09
1.175e-08 2.98253e-07
4.61e-09 2.47112e-08
2.89e-09 7.71893e-09
1.21e-09 2.16327e-09
9.535e-09 1.37895e-07
1.096e-08 2.12499e-07
6.445e-09 4.35057e-08
8.035e-09 1.03487e-07
1.37e-09 2.41274e-09
8.21e-09 1.14226e-07
2.35e-09 6.48977e-09
7.615e-09 7.42628e-08
9.035e-09 1.32641e-07
1.1915e-08 2.46624e-07
9.05e-09 1.21918e-07
5.965e-09 5.31735e-08
4.785e-09 2.1015e-08
4.405e-09 2.13703e-08
1.17e-09 1.9034e-09
1.07e-09 1.52008e-09
8.945e-09 1.23255e-07
1.965e-09 4.57307e-09
1.4e-09 2.35604e-09
9.745e-09 1.48879e-07
3.59e-09 1.34971e-08
7.055e-09 6.76182e-08
9.76e-09 1.25449e-07
6.21e-09 5.33722e-08
1.97e-09 4.5243e-09
1.5915e-08 8.25766e-07
4.96e-09 2.96164e-08
6.87e-09 6.30687e-08
5.92e-09 4.27119e-08
5.845e-09 3.87608e-08
3.335e-09 1.06148e-08
1.6045e-08 1.0421e-06
4.815e-09 2.80116e-08
1.165e-09 1.79387e-09
1.63e-09 3.08796e-09
7.19e-09 7.28169e-08
9.105e-09 1.36825e-07
4.27e-09 1.64372e-08
9.255e-09 1.44586e-07
6.775e-09 6.62912e-08
3.715e-09 1.93036e-08
5.425e-09 3.41458e-08
1.07e-09 1.80448e-09
9.63e-09 1.49677e-07
5.86e-09 3.95481e-08
4.705e-09 2.59953e-08
3.62e-09 1.38069e-08
7.37e-09 6.76931e-08
9.95e-10 1.6248e-09
9.27e-09 1.29349e-07
7.01e-09 5.57613e-08
5.05e-09 3.72499e-08
1.0985e-08 3.24388e-07
1.031e-08 2.06128e-07
3.49e-09 1.2153e-08
7.99e-09 1.45249e-07
3.955e-09 1.62158e-08
1.1525e-08 1.72888e-07
6.805e-09 6.63003e-08
1.3735e-08 5.63281e-07
8.715e-09 1.44188e-07
9.02e-09 1.57823e-07
3e-09 9.74439e-09
1.1145e-08 1.93239e-07
1.9e-09 4.23699e-09
6.63e-09 5.22046e-08
4.29e-09 2.32263e-08
4.045e-09 1.68283e-08
4.34e-09 2.32404e-08
8.24e-09 8.55891e-08
4.935e-09 2.74672e-08
1.018e-08 1.65605e-07
4.155e-09 1.7044e-08
7.88e-09 7.10081e-08
4.37e-09 2.29178e-08
2.67e-09 7.7521e-09
5.325e-09 3.81078e-08
5.015e-09 2.75476e-08
4.87e-09 3.45348e-08
3.73e-09 1.60323e-08
1.1505e-08 1.94451e-07
6.395e-09 4.23084e-08
5.21e-09 3.59148e-08
4.805e-09 3.00151e-08
8.75e-09 1.3222e-07
8.62e-09 1.08967e-07
1.575e-09 2.71503e-09
6.005e-09 4.93295e-08
4.41e-09 1.84557e-08
9.655e-09 1.61583e-07
4.44e-09 2.03292e-08
2.63e-09 6.91727e-09
9.57e-09 1.38263e-07
8.965e-09 1.22667e-07
2.715e-09 1.01094e-08
5.665e-09 3.98881e-08
8.215e-09 9.6289e-08
1.168e-08 2.52686e-07
5.245e-09 4.32023e-08
7.325e-09 9.51927e-08
3.345e-09 1.25296e-08
3.235e-09 1.08778e-08
2.845e-09 9.74153e-09
2.99e-09 1.01055e-08
4.255e-09 2.07787e-08
3.085e-09 1.03487e-08
1.99e-09 4.52439e-09
5.045e-09 2.43993e-08
1.905e-09 4.03466e-09
3.315e-09 1.20591e-08
8.075e-09 1.18266e-07
4.835e-09 2.61908e-08
6.75e-10 8.75225e-10
8.235e-09 1.01106e-07
5.595e-09 2.88752e-08
6.905e-09 6.12026e-08
6.53e-09 6.7832e-08
2.71e-09 7.39728e-09
1.373e-08 5.02591e-07
5.735e-09 4.73828e-08
3.745e-09 1.34759e-08
1.995e-09 4.71903e-09
5.315e-09 3.17444e-08
6.835e-09 5.39476e-08
3.415e-09 1.14426e-08
2.69e-09 6.38419e-09
2.975e-09 8.66553e-09
1.333e-08 5.81982e-07
1.01e-09 1.62022e-09
7.555e-09 1.05773e-07
6.33e-09 5.31456e-08
1.405e-09 3.06128e-09
1.47e-09 3.18259e-09
8.665e-09 1.18741e-07
4.625e-09 2.45562e-08
9.575e-09 1.61686e-07
7.69e-09 9.61464e-08
1.1005e-08 2.56405e-07
1.405e-09 2.47272e-09
8.86e-09 1.40303e-07
1.3605e-08 4.62668e-07
7.135e-09 6.85771e-08
8.71e-09 1.34188e-07
3.75e-09 1.52535e-08
8.54e-09 9.26553e-08
1.45e-09 2.93494e-09
7.625e-09 8.18166e-08
3.515e-09 1.36935e-08
8.58e-09 1.2898e-07
4.455e-09 2.07237e-08
1.095e-08 2.54554e-07
5.455e-09 3.34778e-08
7.25e-10 9.52942e-10
3.87e-09 1.66255e-08
6.81e-09 6.94653e-08
6.4e-09 7.57306e-08
1.4075e-08 6.2987e-07
8.43e-09 1.12184e-07
6.28e-09 5.1676e-08
7.685e-09 7.44234e-08
2.51e-09 6.87972e-09
3.38e-09 1.43398e-08
4.28e-09 1.82613e-08
2.33e-09 5.68929e-09
2.165e-09 4.70009e-09
6.49e-09 6.26028e-08
4.98e-09 2.75107e-08
2.01e-09 4.88839e-09
5.99e-09 4.16935e-08
7.635e-09 8.6282e-08
3.925e-09 1.54453e-08
3.195e-09 1.02876e-08
2.89e-09 9.62569e-09
4.31e-09 2.00815e-08
5.41e-09 3.36954e-08
5.25e-09 3.53855e-08
1.1615e-08 3.1585e-07
3.865e-09 1.49994e-08
8.465e-09 8.8823e-08
3.445e-09 1.2186e-08
1.715e-09 3.37387e-09
5.755e-09 4.13813e-08
1.1895e-08 2.84717e-07
6.475e-09 3.71992e-08
6.995e-09 7.39609e-08
2.31e-09 5.68685e-09
1.64e-09 2.89167e-09
4.115e-09 2.09313e-08
5.505e-09 4.20102e-08
4.115e-09 1.53864e-08
5.295e-09 2.60587e-08
2.33e-09 4.45869e-09
6.86e-09 6.24574e-08
7.385e-09 9.7454e-08
4.84e-09 3.33151e-08
9.14e-09 1.30007e-07
4.01e-09 1.79758e-08
3.505e-09 1.21946e-08
1.254e-08 4.29175e-07
6.4e-09 4.6382e-08
1e-09 1.45613e-09
1.53e-09 2.92843e-09
7.26e-09 6.51945e-08
4.475e-09 2.4908e-08
4.255e-09 2.11346e-08
1.525e-08 5.74323e-07
8.745e-09 1.29697e-07
1.3645e-08 5.00234e-07
9.595e-09 1.6591e-07
1.94e-09 4.27743e-09
1.09e-09 1.78814e-09
1.915e-09 4.91122e-09
1.3e-10 1.34614e-10
2.07e-09 5.02752e-09
3.09e-09 9.85318e-09
2.035e-09 5.78612e-09
7.8e-10 1.01086e-09
8.745e-09 1.34429e-07
5.74e-09 3.81413e-08
5.545e-09 3.09175e-08
5.05e-10 6.44596e-10
2.03e-09 4.41309e-09
5.15e-09 2.779e-08
1.205e-08 3.03057e-07
9.805e-09 1.53504e-07
7.54e-09 7.54538e-08
5.915e-09 4.74233e-08
1.1135e-08 2.8509e-07
3.965e-09 1.59258e-08
8.945e-09 1.23255e-07
4.17e-09 1.98694e-08
7.26e-09 7.44591e-08
7.575e-09 8.67663e-08
4.84e-09 3.33151e-08
6.79e-09 7.46983e-08
7.81e-09 8.9038e-08
3.615e-09 1.62717e-08
5.225e-09 2.93655e-08
5.34e-09 3.44667e-08
5.955e-09 4.86522e-08
8.415e-09 1.09999e-07
9.08e-09 1.36058e-07
2.495e-09 6.72082e-09
1.385e-09 2.79481e-09
5.005e-09 2.75993e-08
9.89e-09 1.82223e-07
3.815e-09 1.53976e-08
4.385e-09 1.71852e-08
1.105e-08 1.335e-07
8.975e-09 1.16266e-07
4.93e-09 3.057e-08
2.39e-09 6.83377e-09
4.515e-09 2.16865e-08
5.695e-09 3.4391e-08
5.75e-09 3.8884e-08
4.605e-09 2.56602e-08
6.765e-09 5.97115e-08
6.755e-09 5.07155e-08
5.825e-09 3.38537e-08
1.014e-08 2.12807e-07
1.008e-08 1.4117e-07
1.001e-08 1.9789e-07
3.565e-09 1.35015e-08
4.445e-09 2.05969e-08
8.075e-09 9.16473e-08
6.315e-09 5.15289e-08
2.075e-09 4.32814e-09
5.16e-09 3.25291e-08
4.905e-09 2.16168e-08
8.94e-09 1.47667e-07
2.27e-09 4.99117e-09
3.87e-09 1.58766e-08
5.89e-09 4.97366e-08
1.454e-08 6.17177e-07
8.685e-09 8.68202e-08
2.235e-09 5.15506e-09
5.81e-09 3.31527e-08
6.335e-09 4.53329e-08
6.13e-09 3.96745e-08
6.32e-09 5.0514e-08
6.41e-09 6.36515e-08
5.045e-09 2.15778e-08
1.035e-08 1.4067e-07
9.73e-09 1.45547e-07
8.665e-09 1.38015e-07
3.52e-09 1.0928e-08
3.6e-09 1.71899e-08
4.55e-09 2.10832e-08
1.93e-09 3.98263e-09
1.64e-09 3.11252e-09
6.5e-10 8.59985e-10
9.59e-09 1.47356e-07
4.42e-09 2.14133e-08
1.0135e-08 2.0112e-07
1.061e-08 2.00162e-07
1.374e-08 4.88001e-07
9.255e-09 1.23773e-07
8.275e-09 9.78356e-08
3.82e-09 1.5669e-08
6.245e-09 5.24533e-08
7.435e-09 6.89442e-08
2.61e-09 7.03424e-09
3.945e-09 2.02802e-08
5.25e-09 3.42931e-08
8.05e-09 1.24995e-07
1.225e-08 3.56337e-07
4.18e-09 2.05698e-08
3.58e-09 1.31231e-08
2.465e-09 7.14383e-09
3.55e-09 1.4438e-08
5.91e-09 4.63909e-08
7.365e-09 7.60965e-08
1.046e-08 1.74053e-07
7.355e-09 9.56538e-08
1.051e-08 2.18156e-07
9.005e-09 1.46065e-07
6.965e-09 7.3549e-08
7.85e-10 1.12457e-09
1.2095e-08 2.31085e-07
7.255e-09 7.89326e-08
1.203e-08 4.05028e-07
4.145e-09 1.74223e-08
8.82e-09 1.28879e-07
8.69e-09 1.32752e-07
5.285e-09 4.38711e-08
8.34e-09 9.62974e-08
1.138e-08 2.889e-07
6.185e-09 4.45381e-08
3.615e-09 1.3627e-08
8e-10 1.20615e-09
1.1685e-08 2.69765e-07
9.1e-10 1.39805e-09
9.35e-10 1.46333e-09
2.375e-09 5.04721e-09
5.01e-09 2.98632e-08
1.137e-08 2.8476e-07
1.3595e-08 5.29062e-07
6.805e-09 6.29013e-08
2.095e-09 5.27544e-09
2.27e-09 4.99117e-09
8.07e-09 1.16191e-07
4.065e-09 2.23349e-08
2.075e-09 5.23042e-09
4.1e-09 2.39999e-08
5.055e-09 3.31968e-08
7.075e-09 7.64824e-08
3.06e-09 9.97367e-09
4.47e-09 2.19343e-08
3.08e-09 9.76031e-09
3.19e-09 9.74012e-09
7.295e-09 8.2699e-08
8.27e-09 1.12695e-07
1.1715e-08 2.16372e-07
9.975e-09 1.79798e-07
1.015e-09 1.64937e-09
7.75e-09 1.03361e-07
9.775e-09 1.89948e-07
4.825e-09 2.87701e-08
9.815e-09 1.87155e-07
7.25e-10 9.52942e-10
7.19e-09 5.14791e-08
7.005e-09 6.25263e-08
8.435e-09 1.24186e-07
5.175e-09 2.79992e-08
4.325e-09 1.4783e-08
8.35e-09 1.30782e-07
5.935e-09 4.42072e-08
4.745e-09 2.22691e-08
3.67e-09 1.42614e-08
8.09e-09 1.06083e-07
1.1835e-08 1.68059e-07
7.235e-09 8.04598e-08
7.595e-09 7.17034e-08
1.955e-09 4.255e-09
4.59e-09 2.2389e-08
4.755e-09 2.46158e-08
1.6e-09 3.65001e-09
3.43e-09 1.03515e-08
2.49e-09 6.50277e-09
6.07e-09 4.03388e-08
7.015e-09 6.38536e-08
7.94e-09 5.40312e-08
4.505e-09 2.27304e-08
2.87e-09 1.03554e-08
2.425e-09 7.66587e-09
4.615e-09 2.71458e-08
5.535e-09 3.80321e-08
8.13e-09 1.2318e-07
1.0105e-08 2.00388e-07
5.3e-10 6.36111e-10
1.515e-09 2.98009e-09
5.435e-09 3.11744e-08
8.87e-09 1.55727e-07
5.48e-09 4.02669e-08
5.775e-09 4.56404e-08
3.875e-09 1.68556e-08
6.185e-09 4.49494e-08
4.675e-09 2.58041e-08
4.295e-09 2.48133e-08
6.955e-09 7.06007e-08
2.505e-09 6.98312e-09
7.775e-09 6.92098e-08
2.075e-09 4.93362e-09
1.01e-09 1.55455e-09
1.115e-09 2.34263e-09
5.045e-09 3.08868e-08
5.97e-09 4.1471e-08
6.98e-09 6.90445e-08
3.865e-09 1.65779e-08
7.14e-09 8.90825e-08
2.995e-09 8.22415e-09
6.995e-09 6.65342e-08
2.795e-09 7.96146e-09
7.45e-09 7.87946e-08
6.9e-10 1.05347e-09
1.0375e-08 2.01772e-07
1.135e-09 1.94396e-09
2.41e-09 5.73269e-09
9.37e-09 1.31938e-07
8.895e-09 1.28253e-07
7.905e-09 8.51997e-08
3.33e-09 1.07839e-08
7.375e-09 6.54239e-08
7.175e-09 8.07203e-08
5.21e-09 3.45019e-08
9.3e-09 1.81933e-07
8.085e-09 1.11642e-07
6.405e-09 4.58129e-08
3.885e-09 1.66503e-08
3.5e-09 1.33022e-08
2.51e-09 6.75413e-09
5.24e-09 3.67597e-08
3.235e-09 1.12238e-08
1.3395e-08 4.96881e-07
2.01e-09 3.9672e-09
1.815e-09 4.09751e-09
1.521e-08 8.64954e-07
7.725e-09 1.03622e-07
9.45e-10 1.65524e-09
4.585e-09 2.63153e-08
4.315e-09 1.8431e-08
4.635e-09 1.93455e-08
3.01e-09 8.76624e-09
8.135e-09 9.33519e-08
9.055e-09 1.4511e-07
5.925e-09 4.38517e-08
3.735e-09 1.57097e-08
1.0115e-08 1.49015e-07
6.905e-09 7.20777e-08
1.1715e-08 1.69573e-07
6.655e-09 5.86837e-08
7.805e-09 9.8213e-08
8.575e-09 1.33205e-07
4.675e-09 2.42374e-08
2.91e-09 8.27777e-09
5.545e-09 3.82927e-08
7.545e-09 1.17986e-07
6.435e-09 5.40548e-08
1.461e-08 3.78882e-07
5.48e-09 3.04213e-08
3.215e-09 1.17804e-08
6.505e-09 5.04602e-08
5.43e-09 3.89834e-08
1.055e-09 1.63553e-09
2.615e-09 6.10309e-09
5.71e-09 3.63485e-08
1.512e-08 7.43729e-07
2.46e-09 6.95072e-09
6.835e-09 7.80779e-08
6.43e-09 5.13365e-08
4.855e-09 3.04367e-08
6.77e-09 5.17515e-08
1.114e-08 2.25401e-07
8.47e-09 1.02902e-07
7.09e-09 7.00897e-08
4.89e-09 2.49058e-08
6.69e-09 6.40908e-08
3.485e-09 1.22369e-08
3.715e-09 1.21535e-08
9.405e-09 1.6083e-07
6.38e-09 5.61913e-08
1.67e-09 3.89138e-09
1.4285e-08 6.43689e-07
4.6e-09 2.50657e-08
1.03e-09 1.54579e-09
5.975e-09 4.52254e-08
8.835e-09 1.21228e-07
4.73e-09 2.78405e-08
5.585e-09 4.64534e-08
5.445e-09 3.48322e-08
4.73e-09 2.18047e-08
5.025e-09 3.282e-08
4.995e-09 2.67792e-08
5.95e-10 7.0378e-10
9.62e-09 1.84242e-07
1.314e-08 4.28239e-07
5.13e-09 2.61873e-08
3.85e-09 1.59284e-08
3.015e-09 9.10649e-09
8.605e-09 8.15081e-08
5.09e-09 1.99633e-08
3.795e-09 1.65893e-08
5.17e-09 3.0849e-08
4.41e-09 2.32891e-08
5.735e-09 3.75489e-08
3.975e-09 2.33972e-08
6.115e-09 5.3511e-08
3.925e-09 1.99008e-08
8.865e-09 1.45815e-07
4.435e-09 2.40599e-08
1.1615e-08 3.60963e-07
9.895e-09 2.07156e-07
9.575e-09 1.23755e-07
9.215e-09 1.3674e-07
2.28e-09 4.90368e-09
1.485e-08 5.69938e-07
3.995e-09 1.95782e-08
4.475e-09 2.33537e-08
2.935e-09 7.52344e-09
4.025e-09 2.00967e-08
5.31e-09 3.33194e-08
4.98e-09 3.16095e-08
2.21e-09 4.84474e-09
3.285e-09 1.29521e-08
7.01e-09 6.49836e-08
1.93e-09 4.29128e-09
6.425e-09 4.96166e-08
3.745e-09 1.61529e-08
5.73e-09 4.38021e-08
5.635e-09 4.0799e-08
8.15e-09 1.07288e-07
5.925e-09 3.03054e-08
5.82e-09 4.55027e-08
6.695e-09 5.67921e-08
3.29e-09 1.28783e-08
2.47e-09 6.41514e-09
1.2355e-08 3.21636e-07
1.335e-09 2.1927e-09
7.425e-09 7.46893e-08
4.61e-09 2.06908e-08
1.377e-08 5.46239e-07
8.555e-09 9.63031e-08
1.955e-09 3.99073e-09
5.185e-09 3.92702e-08
8.685e-09 8.68202e-08
4.195e-09 1.76803e-08
5.425e-09 3.86294e-08
5.355e-09 3.68614e-08
5.915e-09 3.98911e-08
5.9e-09 4.35412e-08
7.87e-09 9.11783e-08
6.51e-09 5.14953e-08
3.235e-09 1.14025e-08
1.095e-09 1.89187e-09
1.253e-08 3.44467e-07
6.47e-09 5.06643e-08
9.865e-09 1.70127e-07
1.545e-09 2.79911e-09
9.655e-09 1.34748e-07
2.535e-09 6.16217e-09
5.225e-09 2.57717e-08
1.1415e-08 2.98552e-07
9.045e-09 1.19201e-07
2.2e-09 4.96188e-09
8.43e-09 1.12184e-07
1.22e-08 3.02272e-07
6.55e-10 8.97029e-10
3.825e-09 1.61577e-08
4.165e-09 2.08807e-08
6.605e-09 6.42735e-08
3.635e-09 1.58212e-08
3.915e-09 1.58499e-08
5.33e-09 3.40939e-08
5.105e-09 3.09424e-08
2.53e-09 6.51331e-09
2.965e-09 8.28135e-09
1.007e-08 2.10054e-07
3.985e-09 2.01842e-08
6.195e-09 3.57391e-08
3.875e-09 1.71388e-08
6.305e-09 5.07235e-08
9.535e-09 1.49332e-07
3.875e-09 1.48649e-08
4.16e-09 1.65489e-08
7.055e-09 6.2897e-08
3.3e-09 1.46144e-08
5.31e-09 3.00638e-08
7.43e-09 6.85651e-08
1.481e-08 5.39125e-07
7.355e-09 6.98265e-08
7.475e-09 7.7536e-08
