   400.000      2.693231387      6.769694765      0.800000000      1.000000000      0.001000000   0.000 
   800.000      2.868391218      6.686597321      0.800000000      1.000000000      0.001000000   0.000 
  1200.000      3.058504578      6.689332712      0.800000000      1.000000000      0.001000000   0.000 
  1600.000      2.899040645      6.602737605      0.800000000      1.000000000      0.001000000   0.000 
  2000.000      2.692612118      6.423482644      0.800000000      1.000000000      0.001000000   0.000 
  2400.000      2.713897841      6.422026899      0.800000000      1.000000000      0.001000000   0.000 
  2800.000      2.822591237      6.413105538      0.800000000      1.000000000      0.001000000   0.000 
  3200.000      2.836248608      6.271882761      0.800000000      1.000000000      0.001000000   0.000 
  3600.000      2.788415343      6.220326186      0.800000000      1.000000000      0.001000000   0.000 
  4000.000      2.834966882      6.212635609      0.800000000      1.000000000      0.001000000   0.000 
  4400.000      2.841819233      6.197482619      0.800000000      1.000000000      0.001000000   0.000 
  4800.000      2.759141716      6.268163157      0.800000000      1.000000000      0.001000000   0.000 
  5200.000      2.755674669      6.210585720      0.800000000      1.000000000      0.001000000   0.000 
  5600.000      2.828408041      6.092840617      0.800000000      1.000000000      0.001000000   0.000 
  6000.000      2.768311178      5.899905915      0.800000000      1.000000000      0.001000000   0.000 
  6400.000      2.784769226      5.856061950      0.800000000      1.000000000      0.001000000   0.000 
  6800.000      2.801539579      5.788453580      0.800000000      1.000000000      0.001000000   0.000 
  7200.000      2.751829772      5.650756576      0.800000000      1.000000000      0.001000000   0.000 
  7600.000      2.706062843      5.497363557      0.800000000      1.000000000      0.001000000   0.000 
  8000.000      2.843046022      5.532354666      0.800000000      1.000000000      0.001000000   0.000 
  8400.000      2.977701960      5.632122569      0.800000000      1.000000000      0.001000000   0.000 
  8800.000      2.807590348      5.582568149      0.800000000      1.000000000      0.001000000   0.000 
  9200.000      2.680054842      5.481824499      0.800000000      1.000000000      0.001000000   0.000 
  9600.000      2.815073714      5.544011454      0.800000000      1.000000000      0.001000000   0.000 
 10000.000      2.900666708      5.695152300      0.800000000      1.000000000      0.001000000   0.000 
 10400.000      2.810731307      5.712943969      0.800000000      1.000000000      0.001000000   0.000 
 10800.000      2.783003077      5.781414651      0.800000000      1.000000000      0.001000000   0.000 
 11200.000      2.854029204      5.992733697      0.800000000      1.000000000      0.001000000   0.000 
 11600.000      2.786786915      6.122065716      0.800000000      1.000000000      0.001000000   0.000 
 12000.000      2.829307042      6.129312367      0.800000000      1.000000000      0.001000000   0.000 
 12400.000      2.801889727      6.125432001      0.800000000      1.000000000      0.001000000   0.000 
 12800.000      2.801683642      6.264617184      0.800000000      1.000000000      0.001000000   0.000 
 13200.000      2.879864559      6.471639532      0.800000000      1.000000000      0.001000000   0.000 
 13600.000      2.866118176      6.651892165      0.800000000      1.000000000      0.001000000   0.000 
 14000.000      2.816038725      6.895663597      0.800000000      1.000000000      0.001000000   0.000 
 14400.000      2.856344608      7.170010609      0.800000000      1.000000000      0.001000000   0.000 
 14800.000      2.874543569      7.431502702      0.800000000      1.000000000      0.001000000   0.000 
 15200.000      2.855166250      7.593325435      0.800000000      1.000000000      0.001000000   0.000 
 15600.000      2.792908699      7.755118726      0.800000000      1.000000000      0.001000000   0.000 
 16000.000      2.758414510      7.940008483      0.800000000      1.000000000      0.001000000   0.000 
 16400.000      2.865541862      8.037075292      0.800000000      1.000000000      0.001000000   0.000 
 16800.000      2.948440762      8.102418080      0.800000000      1.000000000      0.001000000   0.000 
 17200.000      2.885662428      8.217794517      0.800000000      1.000000000      0.001000000   0.000 
 17600.000      2.745328313      8.201991783      0.800000000      1.000000000      0.001000000   0.000 
 18000.000      2.691364401      8.159131806      0.800000000      1.000000000      0.001000000   0.000 
 18400.000      2.930338534      8.270571910      0.800000000      1.000000000      0.001000000   0.000 
 18800.000      2.995744505      8.350494425      0.800000000      1.000000000      0.001000000   0.000 
 19200.000      2.890942892      8.587690674      0.800000000      1.000000000      0.001000000   0.000 
 19600.000      2.737133001      8.555418293      0.800000000      1.000000000      0.001000000   0.000 
 20000.000      2.696801260      8.474917858      0.800000000      1.000000000      0.001000000   0.000 
 20400.000      2.959405850      8.628438892      0.800000000      1.000000000      0.001000000   0.000 
 20800.000      3.045104806      8.666354959      0.800000000      1.000000000      0.001000000   0.000 
 21200.000      2.945373812      8.574144847      0.800000000      1.000000000      0.001000000   0.000 
 21600.000      2.771449061      8.569455382      0.800000000      1.000000000      0.001000000   0.000 
 22000.000      2.706348369      8.686367265      0.800000000      1.000000000      0.001000000   0.000 
 22400.000      2.843696753      8.870441751      0.800000000      1.000000000      0.001000000   0.000 
 22800.000      2.896380437      8.726855898      0.800000000      1.000000000      0.001000000   0.000 
 23200.000      2.765566815      8.592366993      0.800000000      1.000000000      0.001000000   0.000 
 23600.000      2.816297224      8.586721080      0.800000000      1.000000000      0.001000000   0.000 
 24000.000      2.886480283      8.544109480      0.800000000      1.000000000      0.001000000   0.000 
 24400.000      2.847426917      8.472252604      0.800000000      1.000000000      0.001000000   0.000 
 24800.000      2.755690626      8.264937792      0.800000000      1.000000000      0.001000000   0.000 
 25200.000      2.794058551      8.241601195      0.800000000      1.000000000      0.001000000   0.000 
 25600.000      2.834126429      8.193171871      0.800000000      1.000000000      0.001000000   0.000 
 26000.000      2.845712142      8.005081325      0.800000000      1.000000000      0.001000000   0.000 
 26400.000      2.768401094      8.076109747      0.800000000      1.000000000      0.001000000   0.000 
 26800.000      2.708938870      8.219172034      0.800000000      1.000000000      0.001000000   0.000 
 27200.000      2.785875462      8.388873866      0.800000000      1.000000000      0.001000000   0.000 
 27600.000      2.775084635      8.538374480      0.800000000      1.000000000      0.001000000   0.000 
 28000.000      2.791543225      8.622437007      0.800000000      1.000000000      0.001000000   0.000 
 28400.000      2.836115925      8.838578457      0.800000000      1.000000000      0.001000000   0.000 
 28800.000      2.783778109      8.996552799      0.800000000      1.000000000      0.001000000   0.000 
 29200.000      2.836558069      9.135197140      0.800000000      1.000000000      0.001000000   0.000 
 29600.000      2.875057134      9.427586943      0.800000000      1.000000000      0.001000000   0.000 
 30000.000      2.833902533      9.632730172      0.800000000      1.000000000      0.001000000   0.000 
 30400.000      2.800923286      9.771386568      0.800000000      1.000000000      0.001000000   0.000 
 30800.000      2.847981988      9.957079272      0.800000000      1.000000000      0.001000000   0.000 
 31200.000      2.874122788     10.023974959      0.800000000      1.000000000      0.001000000   0.000 
 31600.000      2.683196623     10.159068656      0.800000000      1.000000000      0.001000000   0.000 
 32000.000      2.744813047     10.406122296      0.800000000      1.000000000      0.001000000   0.000 
 32400.000      2.856938793     10.538133061      0.800000000      1.000000000      0.001000000   0.000 
 32800.000      2.890642164     10.672276919      0.800000000      1.000000000      0.001000000   0.000 
 33200.000      2.834510210     10.749573126      0.800000000      1.000000000      0.001000000   0.000 
 33600.000      2.808782301     10.676826529      0.800000000      1.000000000      0.001000000   0.000 
 34000.000      2.867802073     10.771413106      0.800000000      1.000000000      0.001000000   0.000 
 34400.000      2.844407685     10.842695240      0.800000000      1.000000000      0.001000000   0.000 
 34800.000      2.792119382     10.823239444      0.800000000      1.000000000      0.001000000   0.000 
 35200.000      2.819328221     10.819877838      0.800000000      1.000000000      0.001000000   0.000 
 35600.000      2.797220662     10.728230379      0.800000000      1.000000000      0.001000000   0.000 
 36000.000      2.793857870     10.738169560      0.800000000      1.000000000      0.001000000   0.000 
 36400.000      2.809929166     10.786566478      0.800000000      1.000000000      0.001000000   0.000 
 36800.000      2.806273261     10.901585531      0.800000000      1.000000000      0.001000000   0.000 
 37200.000      2.769777100     10.878417939      0.800000000      1.000000000      0.001000000   0.000 
 37600.000      2.815429292     10.906667464      0.800000000      1.000000000      0.001000000   0.000 
 38000.000      2.835578511     10.965306763      0.800000000      1.000000000      0.001000000   0.000 
 38400.000      2.795814107     10.921523017      0.800000000      1.000000000      0.001000000   0.000 
 38800.000      2.778236952     10.786939588      0.800000000      1.000000000      0.001000000   0.000 
 39200.000      2.850933861     10.708748633      0.800000000      1.000000000      0.001000000   0.000 
 39600.000      2.909553343     10.790501116      0.800000000      1.000000000      0.001000000   0.000 
 40000.000      2.753331684     10.834645052      0.800000000      1.000000000      0.001000000   0.000 
 40400.000      2.705739535     10.987094175      0.800000000      1.000000000      0.001000000   0.000 
 40800.000      2.797350352     11.166123767      0.800000000      1.000000000      0.001000000   0.000 
 41200.000      2.849440569     11.341956671      0.800000000      1.000000000      0.001000000   0.000 
 41600.000      2.920205501     11.371086562      0.800000000      1.000000000      0.001000000   0.000 
 42000.000      2.921569378     11.313186092      0.800000000      1.000000000      0.001000000   0.000 
 42400.000      2.767993609     11.351783228      0.800000000      1.000000000      0.001000000   0.000 
 42800.000      2.763476319     11.605034740      0.800000000      1.000000000      0.001000000   0.000 
 43200.000      2.805131793     11.863187477      0.800000000      1.000000000      0.001000000   0.000 
 43600.000      2.851286391     12.100926899      0.800000000      1.000000000      0.001000000   0.000 
 44000.000      2.822268824     12.203348190      0.800000000      1.000000000      0.001000000   0.000 
 44400.000      2.804868304     12.274837321      0.800000000      1.000000000      0.001000000   0.000 
 44800.000      2.969641212     12.328330281      0.800000000      1.000000000      0.001000000   0.000 
 45200.000      2.974309387     12.288684338      0.800000000      1.000000000      0.001000000   0.000 
 45600.000      2.791411124     12.328113607      0.800000000      1.000000000      0.001000000   0.000 
 46000.000      2.710915244     12.313972932      0.800000000      1.000000000      0.001000000   0.000 
 46400.000      2.872286804     12.364741872      0.800000000      1.000000000      0.001000000   0.000 
 46800.000      2.987176629     12.415486091      0.800000000      1.000000000      0.001000000   0.000 
 47200.000      2.953528953     12.318280684      0.800000000      1.000000000      0.001000000   0.000 
 47600.000      2.767038339     12.329662874      0.800000000      1.000000000      0.001000000   0.000 
 48000.000      2.731538346     12.394162738      0.800000000      1.000000000      0.001000000   0.000 
 48400.000      2.855818894     12.330470442      0.800000000      1.000000000      0.001000000   0.000 
 48800.000      2.904164906     12.394056104      0.800000000      1.000000000      0.001000000   0.000 
 49200.000      2.837878370     12.503669032      0.800000000      1.000000000      0.001000000   0.000 
 49600.000      2.881944163     12.560798723      0.800000000      1.000000000      0.001000000   0.000 
 50000.000      2.876787723     12.669915233      0.800000000      1.000000000      0.001000000   0.000 
 50400.000      2.733157281     12.813592547      0.800000000      1.000000000      0.001000000   0.000 
 50800.000      2.703807646     13.005093253      0.800000000      1.000000000      0.001000000   0.000 
 51200.000      2.919662103     13.260850281      0.800000000      1.000000000      0.001000000   0.000 
 51600.000      3.081043578     13.335897867      0.800000000      1.000000000      0.001000000   0.000 
 52000.000      2.912908735     13.488347660      0.800000000      1.000000000      0.001000000   0.000 
 52400.000      2.779134345     13.366142467      0.800000000      1.000000000      0.001000000   0.000 
 52800.000      2.788593650     13.329630281      0.800000000      1.000000000      0.001000000   0.000 
 53200.000      2.795032362     13.467317728      0.800000000      1.000000000      0.001000000   0.000 
 53600.000      2.791670490     13.531331142      0.800000000      1.000000000      0.001000000   0.000 
 54000.000      2.803230087     13.437770780      0.800000000      1.000000000      0.001000000   0.000 
 54400.000      2.760816324     13.333598371      0.800000000      1.000000000      0.001000000   0.000 
 54800.000      2.816477295     13.447446458      0.800000000      1.000000000      0.001000000   0.000 
 55200.000      2.895620333     13.417437246      0.800000000      1.000000000      0.001000000   0.000 
 55600.000      2.844977139     13.343815164      0.800000000      1.000000000      0.001000000   0.000 
 56000.000      2.755997929     13.265032486      0.800000000      1.000000000      0.001000000   0.000 
 56400.000      2.763230800     13.271404623      0.800000000      1.000000000      0.001000000   0.000 
 56800.000      2.851852318     13.259812567      0.800000000      1.000000000      0.001000000   0.000 
 57200.000      2.864959635     13.133733786      0.800000000      1.000000000      0.001000000   0.000 
 57600.000      2.762685247     13.102265696      0.800000000      1.000000000      0.001000000   0.000 
 58000.000      2.771974173     13.016455215      0.800000000      1.000000000      0.001000000   0.000 
 58400.000      2.967898808     12.988387817      0.800000000      1.000000000      0.001000000   0.000 
 58800.000      2.937478307     12.923113903      0.800000000      1.000000000      0.001000000   0.000 
 59200.000      2.696951866     12.871722765      0.800000000      1.000000000      0.001000000   0.000 
 59600.000      2.649233375     12.856033282      0.800000000      1.000000000      0.001000000   0.000 
 60000.000      2.866197908     12.834435333      0.800000000      1.000000000      0.001000000   0.000 
 60400.000      3.010239577     12.651967579      0.800000000      1.000000000      0.001000000   0.000 
 60800.000      3.093396924     12.518117983      0.800000000      1.000000000      0.001000000   0.000 
 61200.000      3.100238994     12.680062737      0.800000000      1.000000000      0.001000000   0.000 
 61600.000      2.920444139     12.723779546      0.800000000      1.000000000      0.001000000   0.000 
 62000.000      2.737330130     12.649079819      0.800000000      1.000000000      0.001000000   0.000 
 62400.000      2.697200837     12.657436662      0.800000000      1.000000000      0.001000000   0.000 
 62800.000      2.735847792     12.874269210      0.800000000      1.000000000      0.001000000   0.000 
 63200.000      2.802503927     13.041505317      0.800000000      1.000000000      0.001000000   0.000 
 63600.000      2.798762153     12.977985428      0.800000000      1.000000000      0.001000000   0.000 
 64000.000      2.780315153     12.935677767      0.800000000      1.000000000      0.001000000   0.000 
 64400.000      2.727251811     12.901289835      0.800000000      1.000000000      0.001000000   0.000 
 64800.000      2.716325776     12.847698629      0.800000000      1.000000000      0.001000000   0.000 
 65200.000      2.773958239     12.730829950      0.800000000      1.000000000      0.001000000   0.000 
 65600.000      2.889475272     12.629639496      0.800000000      1.000000000      0.001000000   0.000 
 66000.000      2.906090304     12.684366912      0.800000000      1.000000000      0.001000000   0.000 
 66400.000      2.789352804     12.589073488      0.800000000      1.000000000      0.001000000   0.000 
 66800.000      2.540069570     12.450391784      0.800000000      1.000000000      0.001000000   0.000 
 67200.000      2.578352228     12.372483454      0.800000000      1.000000000      0.001000000   0.000 
 67600.000      2.846088211     12.480495087      0.800000000      1.000000000      0.001000000   0.000 
 68000.000      2.907439645     12.522285399      0.800000000      1.000000000      0.001000000   0.000 
 68400.000      2.752642667     12.306747697      0.800000000      1.000000000      0.001000000   0.000 
 68800.000      2.601692215     12.199786473      0.800000000      1.000000000      0.001000000   0.000 
 69200.000      2.635227563     12.050204808      0.800000000      1.000000000      0.001000000   0.000 
 69600.000      2.761100937     11.881197440      0.800000000      1.000000000      0.001000000   0.000 
 70000.000      2.787179551     11.850265271      0.800000000      1.000000000      0.001000000   0.000 
 70400.000      2.810172264     11.774298668      0.800000000      1.000000000      0.001000000   0.000 
 70800.000      2.777945924     11.696077503      0.800000000      1.000000000      0.001000000   0.000 
 71200.000      2.737006167     11.482858876      0.800000000      1.000000000      0.001000000   0.000 
 71600.000      2.754715521     11.251851137      0.800000000      1.000000000      0.001000000   0.000 
 72000.000      2.724595534     11.100625625      0.800000000      1.000000000      0.001000000   0.000 
 72400.000      2.673191930     10.964366605      0.800000000      1.000000000      0.001000000   0.000 
 72800.000      2.702760845     10.918667234      0.800000000      1.000000000      0.001000000   0.000 
 73200.000      2.704002373     10.907210561      0.800000000      1.000000000      0.001000000   0.000 
 73600.000      2.685773721     10.940770805      0.800000000      1.000000000      0.001000000   0.000 
 74000.000      2.694142475     10.922164845      0.800000000      1.000000000      0.001000000   0.000 
 74400.000      2.706573716     10.863791605      0.800000000      1.000000000      0.001000000   0.000 
 74800.000      2.710515476     10.736475567      0.800000000      1.000000000      0.001000000   0.000 
 75200.000      2.668709265     10.515925459      0.800000000      1.000000000      0.001000000   0.000 
 75600.000      2.666414954     10.359628457      0.800000000      1.000000000      0.001000000   0.000 
 76000.000      2.746585853     10.217957506      0.800000000      1.000000000      0.001000000   0.000 
 76400.000      2.745245880     10.074310156      0.800000000      1.000000000      0.001000000   0.000 
 76800.000      2.689610124      9.844390593      0.800000000      1.000000000      0.001000000   0.000 
 77200.000      2.722705102      9.708272209      0.800000000      1.000000000      0.001000000   0.000 
 77600.000      2.816477849      9.586792542      0.800000000      1.000000000      0.001000000   0.000 
 78000.000      2.775408056      9.578188296      0.800000000      1.000000000      0.001000000   0.000 
 78400.000      2.662189484      9.598673885      0.800000000      1.000000000      0.001000000   0.000 
 78800.000      2.718112661      9.668905517      0.800000000      1.000000000      0.001000000   0.000 
 79200.000      2.773092936      9.715544347      0.800000000      1.000000000      0.001000000   0.000 
 79600.000      2.782513786      9.677520580      0.800000000      1.000000000      0.001000000   0.000 
 80000.000      2.863170245      9.652381060      0.800000000      1.000000000      0.001000000   0.000 
 80400.000      2.826984700      9.683762121      0.800000000      1.000000000      0.001000000   0.000 
 80800.000      2.669911072      9.735061217      0.800000000      1.000000000      0.001000000   0.000 
 81200.000      2.745310141      9.756196410      0.800000000      1.000000000      0.001000000   0.000 
 81600.000      3.044502304      9.849307333      0.800000000      1.000000000      0.001000000   0.000 
 82000.000      3.152930326      9.863162101      0.800000000      1.000000000      0.001000000   0.000 
 82400.000      3.034078831      9.900482585      0.800000000      1.000000000      0.001000000   0.000 
 82800.000      2.798645589      9.843844984      0.800000000      1.000000000      0.001000000   0.000 
 83200.000      2.702011879      9.607765553      0.800000000      1.000000000      0.001000000   0.000 
 83600.000      2.739154794      9.595808467      0.800000000      1.000000000      0.001000000   0.000 
 84000.000      2.874442696      9.649988548      0.800000000      1.000000000      0.001000000   0.000 
 84400.000      2.982108932      9.700593992      0.800000000      1.000000000      0.001000000   0.000 
 84800.000      2.851982730      9.821751267      0.800000000      1.000000000      0.001000000   0.000 
 85200.000      2.789372283      9.814969920      0.800000000      1.000000000      0.001000000   0.000 
 85600.000      2.877110867      9.702891652      0.800000000      1.000000000      0.001000000   0.000 
 86000.000      2.954677393      9.527100868      0.800000000      1.000000000      0.001000000   0.000 
 86400.000      2.882285240      9.321165702      0.800000000      1.000000000      0.001000000   0.000 
 86800.000      2.795046931      9.221127507      0.800000000      1.000000000      0.001000000   0.000 
 87200.000      2.767109110      9.121840917      0.800000000      1.000000000      0.001000000   0.000 
 87600.000      2.789873498      9.118564514      0.800000000      1.000000000      0.001000000   0.000 
 88000.000      2.770702448      9.112274777      0.800000000      1.000000000      0.001000000   0.000 
 88400.000      2.735028756      8.988890740      0.800000000      1.000000000      0.001000000   0.000 
 88800.000      2.729269164      8.808860999      0.800000000      1.000000000      0.001000000   0.000 
 89200.000      2.725705049      8.526178960      0.800000000      1.000000000      0.001000000   0.000 
 89600.000      2.793431619      8.396533152      0.800000000      1.000000000      0.001000000   0.000 
 90000.000      2.741208844      8.281561287      0.800000000      1.000000000      0.001000000   0.000 
 90400.000      2.676826231      8.026348093      0.800000000      1.000000000      0.001000000   0.000 
 90800.000      2.761861597      7.979507966      0.800000000      1.000000000      0.001000000   0.000 
 91200.000      2.811048251      7.786850628      0.800000000      1.000000000      0.001000000   0.000 
 91600.000      2.707379123      7.747972116      0.800000000      1.000000000      0.001000000   0.000 
 92000.000      2.587520581      7.566285136      0.800000000      1.000000000      0.001000000   0.000 
 92400.000      2.710529900      7.393082304      0.800000000      1.000000000      0.001000000   0.000 
 92800.000      2.876794997      7.368528972      0.800000000      1.000000000      0.001000000   0.000 
 93200.000      2.794576999      7.248011548      0.800000000      1.000000000      0.001000000   0.000 
 93600.000      2.691883987      7.215244932      0.800000000      1.000000000      0.001000000   0.000 
 94000.000      2.721418916      7.087802042      0.800000000      1.000000000      0.001000000   0.000 
 94400.000      2.720731422      6.974955439      0.800000000      1.000000000      0.001000000   0.000 
 94800.000      2.713443939      6.895760699      0.800000000      1.000000000      0.001000000   0.000 
 95200.000      2.749056421      6.885575595      0.800000000      1.000000000      0.001000000   0.000 
 95600.000      2.850403058      7.037932415      0.800000000      1.000000000      0.001000000   0.000 
 96000.000      2.987008085      7.097992453      0.800000000      1.000000000      0.001000000   0.000 
 96400.000      3.007371618      6.987498451      0.800000000      1.000000000      0.001000000   0.000 
 96800.000      2.875295005      6.866753392      0.800000000      1.000000000      0.001000000   0.000 
 97200.000      2.753279494      6.707229230      0.800000000      1.000000000      0.001000000   0.000 
 97600.000      2.680408192      6.769294913      0.800000000      1.000000000      0.001000000   0.000 
 98000.000      2.747279014      6.902151494      0.800000000      1.000000000      0.001000000   0.000 
 98400.000      2.953650487      6.879719564      0.800000000      1.000000000      0.001000000   0.000 
 98800.000      3.000422807      6.785946791      0.800000000      1.000000000      0.001000000   0.000 
 99200.000      2.919710144      6.731274838      0.800000000      1.000000000      0.001000000   0.000 
 99600.000      2.869310763      6.528524519      0.800000000      1.000000000      0.001000000   0.000 
100000.000      2.832588948      6.277094117      0.800000000      1.000000000      0.001000000   0.000 
100400.000      2.822154078      6.130193137      0.800000000      1.000000000      0.001000000   0.000 
100800.000      2.810035551      6.059102748      0.800000000      1.000000000      0.001000000   0.000 
101200.000      2.733359752      5.958975717      0.800000000      1.000000000      0.001000000   0.000 
101600.000      2.716092071      5.837116022      0.800000000      1.000000000      0.001000000   0.000 
102000.000      2.823160601      5.664455886      0.800000000      1.000000000      0.001000000   0.000 
102400.000      2.889716666      5.430183185      0.800000000      1.000000000      0.001000000   0.000 
102800.000      2.800952541      5.365021586      0.800000000      1.000000000      0.001000000   0.000 
103200.000      2.736328984      5.282401013      0.800000000      1.000000000      0.001000000   0.000 
103600.000      2.730999553      5.358745138      0.800000000      1.000000000      0.001000000   0.000 
104000.000      2.762467441      5.506576308      0.800000000      1.000000000      0.001000000   0.000 
104400.000      2.774904748      5.424345343      0.800000000      1.000000000      0.001000000   0.000 
104800.000      2.706044485      5.383405347      0.800000000      1.000000000      0.001000000   0.000 
105200.000      2.667840094      5.347949997      0.800000000      1.000000000      0.001000000   0.000 
105600.000      2.754843871      5.267315528      0.800000000      1.000000000      0.001000000   0.000 
106000.000      2.879500296      5.234264239      0.800000000      1.000000000      0.001000000   0.000 
106400.000      2.892790606      5.316807077      0.800000000      1.000000000      0.001000000   0.000 
106800.000      2.795060380      5.367651890      0.800000000      1.000000000      0.001000000   0.000 
107200.000      2.809784385      5.256151854      0.800000000      1.000000000      0.001000000   0.000 
107600.000      2.850943442      5.168934811      0.800000000      1.000000000      0.001000000   0.000 
108000.000      2.796393508      5.147709718      0.800000000      1.000000000      0.001000000   0.000 
108400.000      2.795969976      5.048406903      0.800000000      1.000000000      0.001000000   0.000 
108800.000      2.777375704      4.929664875      0.800000000      1.000000000      0.001000000   0.000 
109200.000      2.823230861      4.911676705      0.800000000      1.000000000      0.001000000   0.000 
109600.000      2.841496755      4.780613249      0.800000000      1.000000000      0.001000000   0.000 
110000.000      2.829475945      4.586569494      0.800000000      1.000000000      0.001000000   0.000 
110400.000      2.896182285      4.635273779      0.800000000      1.000000000      0.001000000   0.000 
110800.000      2.973409601      4.781483021      0.800000000      1.000000000      0.001000000   0.000 
111200.000      3.010395339      4.877683842      0.800000000      1.000000000      0.001000000   0.000 
111600.000      2.931421546      4.955631779      0.800000000      1.000000000      0.001000000   0.000 
112000.000      2.704605459      4.995599509      0.800000000      1.000000000      0.001000000   0.000 
112400.000      2.638508076      4.846369491      0.800000000      1.000000000      0.001000000   0.000 
112800.000      2.860307962      4.719174515      0.800000000      1.000000000      0.001000000   0.000 
113200.000      2.978304850      4.617481365      0.800000000      1.000000000      0.001000000   0.000 
113600.000      2.866357641      4.616603444      0.800000000      1.000000000      0.001000000   0.000 
114000.000      2.687218530      4.677710365      0.800000000      1.000000000      0.001000000   0.000 
114400.000      2.753714290      4.827590591      0.800000000      1.000000000      0.001000000   0.000 
114800.000      2.930578419      4.932732534      0.800000000      1.000000000      0.001000000   0.000 
115200.000      2.921090126      5.011082780      0.800000000      1.000000000      0.001000000   0.000 
115600.000      2.849379404      5.006301339      0.800000000      1.000000000      0.001000000   0.000 
116000.000      2.718397224      4.952496153      0.800000000      1.000000000      0.001000000   0.000 
116400.000      2.757994232      4.957716183      0.800000000      1.000000000      0.001000000   0.000 
116800.000      2.853216256      4.881101028      0.800000000      1.000000000      0.001000000   0.000 
117200.000      2.831210374      4.707725006      0.800000000      1.000000000      0.001000000   0.000 
117600.000      2.757619960      4.659094460      0.800000000      1.000000000      0.001000000   0.000 
118000.000      2.704663255      4.544124122      0.800000000      1.000000000      0.001000000   0.000 
118400.000      2.767484395      4.430129771      0.800000000      1.000000000      0.001000000   0.000 
118800.000      2.963969687      4.586494153      0.800000000      1.000000000      0.001000000   0.000 
119200.000      3.104891412      4.715712221      0.800000000      1.000000000      0.001000000   0.000 
119600.000      3.172060737      4.681952843      0.800000000      1.000000000      0.001000000   0.000 
120000.000      3.117716214      4.579454973      0.800000000      1.000000000      0.001000000   0.000 
