   400.000      2.685776590      6.838040623      1.058000000      1.058000000      0.001000000   0.000 
   800.000      2.814200799      6.850761998      1.058000000      1.058000000      0.001000000   0.000 
  1200.000      2.907120010      6.887082750      1.058000000      1.058000000      0.001000000   0.000 
  1600.000      2.848800010      6.935321008      1.058000000      1.058000000      0.001000000   0.000 
  2000.000      2.732546938      6.869102121      1.058000000      1.058000000      0.001000000   0.000 
  2400.000      2.737524536      6.780364647      1.058000000      1.058000000      0.001000000   0.000 
  2800.000      2.848108771      6.751628410      1.058000000      1.058000000      0.001000000   0.000 
  3200.000      2.872635032      6.694552110      1.058000000      1.058000000      0.001000000   0.000 
  3600.000      2.828773720      6.781486048      1.058000000      1.058000000      0.001000000   0.000 
  4000.000      2.698339758      6.839035470      1.058000000      1.058000000      0.001000000   0.000 
  4400.000      2.763106665      6.934665453      1.058000000      1.058000000      0.001000000   0.000 
  4800.000      2.837398838      6.925441109      1.058000000      1.058000000      0.001000000   0.000 
  5200.000      2.701082264      6.753207954      1.058000000      1.058000000      0.001000000   0.000 
  5600.000      2.741585176      6.771825927      1.058000000      1.058000000      0.001000000   0.000 
  6000.000      2.888079450      6.848440623      1.058000000      1.058000000      0.001000000   0.000 
  6400.000      2.821658252      6.793538632      1.058000000      1.058000000      0.001000000   0.000 
  6800.000      2.718055884      6.751463625      1.058000000      1.058000000      0.001000000   0.000 
  7200.000      2.823579224      6.812138574      1.058000000      1.058000000      0.001000000   0.000 
  7600.000      2.916361812      6.893608796      1.058000000      1.058000000      0.001000000   0.000 
  8000.000      2.726074264      6.855452557      1.058000000      1.058000000      0.001000000   0.000 
  8400.000      2.623468956      6.887141783      1.058000000      1.058000000      0.001000000   0.000 
  8800.000      2.812612702      7.072277565      1.058000000      1.058000000      0.001000000   0.000 
  9200.000      2.852968606      7.099180720      1.058000000      1.058000000      0.001000000   0.000 
  9600.000      2.827454764      7.094809623      1.058000000      1.058000000      0.001000000   0.000 
 10000.000      2.800066688      7.113702473      1.058000000      1.058000000      0.001000000   0.000 
 10400.000      2.738377894      7.237270547      1.058000000      1.058000000      0.001000000   0.000 
 10800.000      2.747687778      7.352927279      1.058000000      1.058000000      0.001000000   0.000 
 11200.000      2.824620998      7.502626112      1.058000000      1.058000000      0.001000000   0.000 
 11600.000      2.795360672      7.539045831      1.058000000      1.058000000      0.001000000   0.000 
 12000.000      2.752066540      7.628423368      1.058000000      1.058000000      0.001000000   0.000 
 12400.000      2.748347122      7.800497582      1.058000000      1.058000000      0.001000000   0.000 
 12800.000      2.765893412      7.777843200      1.058000000      1.058000000      0.001000000   0.000 
 13200.000      2.837370350      7.788934970      1.058000000      1.058000000      0.001000000   0.000 
 13600.000      2.812191650      7.911487197      1.058000000      1.058000000      0.001000000   0.000 
 14000.000      2.787380326      8.165108378      1.058000000      1.058000000      0.001000000   0.000 
 14400.000      2.797463448      8.349956144      1.058000000      1.058000000      0.001000000   0.000 
 14800.000      2.824769177      8.516287571      1.058000000      1.058000000      0.001000000   0.000 
 15200.000      2.795859565      8.636542876      1.058000000      1.058000000      0.001000000   0.000 
 15600.000      2.754729391      8.783802067      1.058000000      1.058000000      0.001000000   0.000 
 16000.000      2.805884322      8.989440871      1.058000000      1.058000000      0.001000000   0.000 
 16400.000      2.886039573      9.119134588      1.058000000      1.058000000      0.001000000   0.000 
 16800.000      2.819891990      9.186382610      1.058000000      1.058000000      0.001000000   0.000 
 17200.000      2.747082319      9.278817242      1.058000000      1.058000000      0.001000000   0.000 
 17600.000      2.746050455      9.426256907      1.058000000      1.058000000      0.001000000   0.000 
 18000.000      2.847107768      9.606803223      1.058000000      1.058000000      0.001000000   0.000 
 18400.000      2.787905344      9.688136142      1.058000000      1.058000000      0.001000000   0.000 
 18800.000      2.694051634      9.711723809      1.058000000      1.058000000      0.001000000   0.000 
 19200.000      2.767663943      9.564159638      1.058000000      1.058000000      0.001000000   0.000 
 19600.000      2.700223117      9.679850279      1.058000000      1.058000000      0.001000000   0.000 
 20000.000      2.760249613      9.684497477      1.058000000      1.058000000      0.001000000   0.000 
 20400.000      2.883803129      9.665272261      1.058000000      1.058000000      0.001000000   0.000 
 20800.000      2.787934360      9.487681230      1.058000000      1.058000000      0.001000000   0.000 
 21200.000      2.690562286      9.457807140      1.058000000      1.058000000      0.001000000   0.000 
 21600.000      2.813637880      9.642108123      1.058000000      1.058000000      0.001000000   0.000 
 22000.000      2.927292406      9.759364180      1.058000000      1.058000000      0.001000000   0.000 
 22400.000      2.774024943      9.748451514      1.058000000      1.058000000      0.001000000   0.000 
 22800.000      2.564046971      9.738373419      1.058000000      1.058000000      0.001000000   0.000 
 23200.000      2.800324026      9.906801565      1.058000000      1.058000000      0.001000000   0.000 
 23600.000      2.877545855      9.858058351      1.058000000      1.058000000      0.001000000   0.000 
 24000.000      2.726169237      9.866037836      1.058000000      1.058000000      0.001000000   0.000 
 24400.000      2.692657225      9.907935666      1.058000000      1.058000000      0.001000000   0.000 
 24800.000      2.740544144      9.970508125      1.058000000      1.058000000      0.001000000   0.000 
 25200.000      2.708976350      9.880497475      1.058000000      1.058000000      0.001000000   0.000 
 25600.000      2.664889939      9.999711445      1.058000000      1.058000000      0.001000000   0.000 
 26000.000      2.666763129     10.166075747      1.058000000      1.058000000      0.001000000   0.000 
 26400.000      2.825851485     10.243747021      1.058000000      1.058000000      0.001000000   0.000 
 26800.000      2.770025240     10.237517812      1.058000000      1.058000000      0.001000000   0.000 
 27200.000      2.711116276     10.239439608      1.058000000      1.058000000      0.001000000   0.000 
 27600.000      2.841181552     10.370778098      1.058000000      1.058000000      0.001000000   0.000 
 28000.000      2.817500112     10.397098857      1.058000000      1.058000000      0.001000000   0.000 
 28400.000      2.811440643     10.449648643      1.058000000      1.058000000      0.001000000   0.000 
 28800.000      2.766813320     10.375113788      1.058000000      1.058000000      0.001000000   0.000 
 29200.000      2.671193317     10.455345033      1.058000000      1.058000000      0.001000000   0.000 
 29600.000      2.715954679     10.469270822      1.058000000      1.058000000      0.001000000   0.000 
 30000.000      2.748519647     10.539303027      1.058000000      1.058000000      0.001000000   0.000 
 30400.000      2.749883916     10.625979476      1.058000000      1.058000000      0.001000000   0.000 
 30800.000      2.828612663     10.691990512      1.058000000      1.058000000      0.001000000   0.000 
 31200.000      2.852642200     10.749986285      1.058000000      1.058000000      0.001000000   0.000 
 31600.000      2.713143244     10.743076325      1.058000000      1.058000000      0.001000000   0.000 
 32000.000      2.663580757     10.722032413      1.058000000      1.058000000      0.001000000   0.000 
 32400.000      2.997626643     10.895721947      1.058000000      1.058000000      0.001000000   0.000 
 32800.000      3.005498517     11.058743445      1.058000000      1.058000000      0.001000000   0.000 
 33200.000      2.843144715     11.040820729      1.058000000      1.058000000      0.001000000   0.000 
 33600.000      2.780787366     11.141904629      1.058000000      1.058000000      0.001000000   0.000 
 34000.000      2.840468543     11.327582776      1.058000000      1.058000000      0.001000000   0.000 
 34400.000      2.809831710     11.420128859      1.058000000      1.058000000      0.001000000   0.000 
 34800.000      2.692820757     11.404011360      1.058000000      1.058000000      0.001000000   0.000 
 35200.000      2.822432749     11.512188628      1.058000000      1.058000000      0.001000000   0.000 
 35600.000      3.005706588     11.667449534      1.058000000      1.058000000      0.001000000   0.000 
 36000.000      2.871052154     11.774107544      1.058000000      1.058000000      0.001000000   0.000 
 36400.000      2.758323368     11.817123511      1.058000000      1.058000000      0.001000000   0.000 
 36800.000      2.792281817     11.802206770      1.058000000      1.058000000      0.001000000   0.000 
 37200.000      2.753416898     11.799601221      1.058000000      1.058000000      0.001000000   0.000 
 37600.000      2.611417189     11.919986272      1.058000000      1.058000000      0.001000000   0.000 
 38000.000      2.669562661     12.086607589      1.058000000      1.058000000      0.001000000   0.000 
 38400.000      2.856503860     12.218629832      1.058000000      1.058000000      0.001000000   0.000 
 38800.000      2.823027411     12.291913665      1.058000000      1.058000000      0.001000000   0.000 
 39200.000      2.783432087     12.428454315      1.058000000      1.058000000      0.001000000   0.000 
 39600.000      2.777798639     12.483595605      1.058000000      1.058000000      0.001000000   0.000 
 40000.000      2.775312076     12.533712847      1.058000000      1.058000000      0.001000000   0.000 
 40400.000      2.838483134     12.440803412      1.058000000      1.058000000      0.001000000   0.000 
 40800.000      2.739792050     12.459492862      1.058000000      1.058000000      0.001000000   0.000 
 41200.000      2.698655441     12.312379145      1.058000000      1.058000000      0.001000000   0.000 
 41600.000      2.903605479     12.329686125      1.058000000      1.058000000      0.001000000   0.000 
 42000.000      2.930310688     12.415817605      1.058000000      1.058000000      0.001000000   0.000 
 42400.000      2.838240700     12.541626936      1.058000000      1.058000000      0.001000000   0.000 
 42800.000      2.842841779     12.690645080      1.058000000      1.058000000      0.001000000   0.000 
 43200.000      2.861486354     12.830942275      1.058000000      1.058000000      0.001000000   0.000 
 43600.000      2.823130169     13.005724490      1.058000000      1.058000000      0.001000000   0.000 
 44000.000      2.757409004     13.169304488      1.058000000      1.058000000      0.001000000   0.000 
 44400.000      2.738818204     13.251913624      1.058000000      1.058000000      0.001000000   0.000 
 44800.000      2.740739086     13.362077066      1.058000000      1.058000000      0.001000000   0.000 
 45200.000      2.739409973     13.312977441      1.058000000      1.058000000      0.001000000   0.000 
 45600.000      2.804215559     13.400419857      1.058000000      1.058000000      0.001000000   0.000 
 46000.000      2.858083517     13.536796990      1.058000000      1.058000000      0.001000000   0.000 
 46400.000      2.795156439     13.531149401      1.058000000      1.058000000      0.001000000   0.000 
 46800.000      2.692149180     13.712831709      1.058000000      1.058000000      0.001000000   0.000 
 47200.000      2.713581424     13.870010042      1.058000000      1.058000000      0.001000000   0.000 
 47600.000      2.880541297     14.081489786      1.058000000      1.058000000      0.001000000   0.000 
 48000.000      2.837893715     14.188049321      1.058000000      1.058000000      0.001000000   0.000 
 48400.000      2.665521626     14.238015353      1.058000000      1.058000000      0.001000000   0.000 
 48800.000      2.791343918     14.439039980      1.058000000      1.058000000      0.001000000   0.000 
 49200.000      2.901814339     14.555331298      1.058000000      1.058000000      0.001000000   0.000 
 49600.000      2.798660561     14.558673271      1.058000000      1.058000000      0.001000000   0.000 
 50000.000      2.587568062     14.515646898      1.058000000      1.058000000      0.001000000   0.000 
 50400.000      2.875816992     14.597788543      1.058000000      1.058000000      0.001000000   0.000 
 50800.000      2.966600815     14.526270707      1.058000000      1.058000000      0.001000000   0.000 
 51200.000      2.799840256     14.604541577      1.058000000      1.058000000      0.001000000   0.000 
 51600.000      2.728492647     14.740529019      1.058000000      1.058000000      0.001000000   0.000 
 52000.000      2.736502043     14.859973923      1.058000000      1.058000000      0.001000000   0.000 
 52400.000      2.761059239     14.832959154      1.058000000      1.058000000      0.001000000   0.000 
 52800.000      2.745083043     14.791459408      1.058000000      1.058000000      0.001000000   0.000 
 53200.000      2.747921825     14.662284485      1.058000000      1.058000000      0.001000000   0.000 
 53600.000      2.763918788     14.694995080      1.058000000      1.058000000      0.001000000   0.000 
 54000.000      2.698900594     14.733449988      1.058000000      1.058000000      0.001000000   0.000 
 54400.000      2.755963430     14.875801710      1.058000000      1.058000000      0.001000000   0.000 
 54800.000      2.847324808     14.906305793      1.058000000      1.058000000      0.001000000   0.000 
 55200.000      2.802497753     14.965900523      1.058000000      1.058000000      0.001000000   0.000 
 55600.000      2.702966428     14.999522485      1.058000000      1.058000000      0.001000000   0.000 
 56000.000      2.776585088     15.131165784      1.058000000      1.058000000      0.001000000   0.000 
 56400.000      2.823102553     15.240662676      1.058000000      1.058000000      0.001000000   0.000 
 56800.000      2.735733681     15.175356117      1.058000000      1.058000000      0.001000000   0.000 
 57200.000      2.785239845     15.243346507      1.058000000      1.058000000      0.001000000   0.000 
 57600.000      2.803472152     15.316296749      1.058000000      1.058000000      0.001000000   0.000 
 58000.000      2.794555493     15.313757185      1.058000000      1.058000000      0.001000000   0.000 
 58400.000      2.862398333     15.414580927      1.058000000      1.058000000      0.001000000   0.000 
 58800.000      2.823795516     15.463247590      1.058000000      1.058000000      0.001000000   0.000 
 59200.000      2.871329413     15.512367794      1.058000000      1.058000000      0.001000000   0.000 
 59600.000      2.877544182     15.598575818      1.058000000      1.058000000      0.001000000   0.000 
 60000.000      2.821876729     15.619010896      1.058000000      1.058000000      0.001000000   0.000 
 60400.000      2.684385073     15.762650672      1.058000000      1.058000000      0.001000000   0.000 
 60800.000      2.641741129     15.932693752      1.058000000      1.058000000      0.001000000   0.000 
 61200.000      2.769683399     15.958318995      1.058000000      1.058000000      0.001000000   0.000 
 61600.000      2.680068005     16.054668939      1.058000000      1.058000000      0.001000000   0.000 
 62000.000      2.700802329     16.209840865      1.058000000      1.058000000      0.001000000   0.000 
 62400.000      2.856525208     16.306859996      1.058000000      1.058000000      0.001000000   0.000 
 62800.000      2.896442393     16.258543744      1.058000000      1.058000000      0.001000000   0.000 
 63200.000      2.849461755     16.116542364      1.058000000      1.058000000      0.001000000   0.000 
 63600.000      2.774650492     16.117032102      1.058000000      1.058000000      0.001000000   0.000 
 64000.000      2.714492727     16.081504911      1.058000000      1.058000000      0.001000000   0.000 
 64400.000      2.686240605     16.156600633      1.058000000      1.058000000      0.001000000   0.000 
 64800.000      2.786283588     16.258000821      1.058000000      1.058000000      0.001000000   0.000 
 65200.000      2.802322818     16.210280483      1.058000000      1.058000000      0.001000000   0.000 
 65600.000      2.702956179     16.219918999      1.058000000      1.058000000      0.001000000   0.000 
 66000.000      2.758748736     16.110436848      1.058000000      1.058000000      0.001000000   0.000 
 66400.000      2.856114141     16.019893777      1.058000000      1.058000000      0.001000000   0.000 
 66800.000      2.849702513     16.081950762      1.058000000      1.058000000      0.001000000   0.000 
 67200.000      2.751984231     16.115523562      1.058000000      1.058000000      0.001000000   0.000 
 67600.000      2.722006076     16.053298047      1.058000000      1.058000000      0.001000000   0.000 
 68000.000      2.731472403     16.115192484      1.058000000      1.058000000      0.001000000   0.000 
 68400.000      2.783133864     16.125375680      1.058000000      1.058000000      0.001000000   0.000 
 68800.000      2.749905804     16.092287035      1.058000000      1.058000000      0.001000000   0.000 
 69200.000      2.634602769     16.200624234      1.058000000      1.058000000      0.001000000   0.000 
 69600.000      2.726842400     16.200337033      1.058000000      1.058000000      0.001000000   0.000 
 70000.000      2.733797558     16.124792681      1.058000000      1.058000000      0.001000000   0.000 
 70400.000      2.713571899     16.093822470      1.058000000      1.058000000      0.001000000   0.000 
 70800.000      2.794690900     16.063780630      1.058000000      1.058000000      0.001000000   0.000 
 71200.000      2.818669986     16.169948141      1.058000000      1.058000000      0.001000000   0.000 
 71600.000      2.675881515     16.258632139      1.058000000      1.058000000      0.001000000   0.000 
 72000.000      2.604199578     16.293229959      1.058000000      1.058000000      0.001000000   0.000 
 72400.000      2.783397749     16.346687585      1.058000000      1.058000000      0.001000000   0.000 
 72800.000      2.856489897     16.295101758      1.058000000      1.058000000      0.001000000   0.000 
 73200.000      2.910168962     16.171818577      1.058000000      1.058000000      0.001000000   0.000 
 73600.000      2.794950412     16.160478718      1.058000000      1.058000000      0.001000000   0.000 
 74000.000      2.674198575     16.247127717      1.058000000      1.058000000      0.001000000   0.000 
 74400.000      2.710281957     16.278269720      1.058000000      1.058000000      0.001000000   0.000 
 74800.000      2.839700201     16.103631304      1.058000000      1.058000000      0.001000000   0.000 
 75200.000      2.907073904     15.942502997      1.058000000      1.058000000      0.001000000   0.000 
 75600.000      2.691404032     16.099470112      1.058000000      1.058000000      0.001000000   0.000 
 76000.000      2.644009065     16.287441523      1.058000000      1.058000000      0.001000000   0.000 
 76400.000      2.869898673     16.358910020      1.058000000      1.058000000      0.001000000   0.000 
 76800.000      2.872643110     16.266194585      1.058000000      1.058000000      0.001000000   0.000 
 77200.000      2.771521548     16.253221014      1.058000000      1.058000000      0.001000000   0.000 
 77600.000      2.573981414     16.313221984      1.058000000      1.058000000      0.001000000   0.000 
 78000.000      2.762476336     16.217253452      1.058000000      1.058000000      0.001000000   0.000 
 78400.000      2.793153744     16.187521300      1.058000000      1.058000000      0.001000000   0.000 
 78800.000      2.758249749     16.155527783      1.058000000      1.058000000      0.001000000   0.000 
 79200.000      2.712677278     16.098502466      1.058000000      1.058000000      0.001000000   0.000 
 79600.000      2.685455540     15.971268173      1.058000000      1.058000000      0.001000000   0.000 
 80000.000      2.812600315     15.814580368      1.058000000      1.058000000      0.001000000   0.000 
 80400.000      2.797446802     15.763635116      1.058000000      1.058000000      0.001000000   0.000 
 80800.000      2.695360054     15.822727903      1.058000000      1.058000000      0.001000000   0.000 
 81200.000      2.710108580     15.926436720      1.058000000      1.058000000      0.001000000   0.000 
 81600.000      2.755930012     15.950020574      1.058000000      1.058000000      0.001000000   0.000 
 82000.000      2.779437683     16.046198001      1.058000000      1.058000000      0.001000000   0.000 
 82400.000      2.846309152     15.878420361      1.058000000      1.058000000      0.001000000   0.000 
 82800.000      2.811579874     15.897724657      1.058000000      1.058000000      0.001000000   0.000 
 83200.000      2.665061045     15.965569404      1.058000000      1.058000000      0.001000000   0.000 
 83600.000      2.688182406     15.812926335      1.058000000      1.058000000      0.001000000   0.000 
 84000.000      2.877531728     15.735007362      1.058000000      1.058000000      0.001000000   0.000 
 84400.000      2.995867116     15.615938520      1.058000000      1.058000000      0.001000000   0.000 
 84800.000      2.893966434     15.416869093      1.058000000      1.058000000      0.001000000   0.000 
 85200.000      2.741189285     15.215809677      1.058000000      1.058000000      0.001000000   0.000 
 85600.000      2.682856937     15.022673229      1.058000000      1.058000000      0.001000000   0.000 
 86000.000      2.759176187     14.768838612      1.058000000      1.058000000      0.001000000   0.000 
 86400.000      2.860437403     14.543857163      1.058000000      1.058000000      0.001000000   0.000 
 86800.000      2.849025537     14.299950299      1.058000000      1.058000000      0.001000000   0.000 
 87200.000      2.821782326     14.071339118      1.058000000      1.058000000      0.001000000   0.000 
 87600.000      2.765845545     13.884948592      1.058000000      1.058000000      0.001000000   0.000 
 88000.000      2.760887270     13.611078100      1.058000000      1.058000000      0.001000000   0.000 
 88400.000      2.796358845     13.385225786      1.058000000      1.058000000      0.001000000   0.000 
 88800.000      2.798814752     13.216720647      1.058000000      1.058000000      0.001000000   0.000 
 89200.000      2.817436236     13.134073708      1.058000000      1.058000000      0.001000000   0.000 
 89600.000      2.791221429     13.085683226      1.058000000      1.058000000      0.001000000   0.000 
 90000.000      2.822247782     12.960755878      1.058000000      1.058000000      0.001000000   0.000 
 90400.000      2.892543821     12.871271222      1.058000000      1.058000000      0.001000000   0.000 
 90800.000      2.781427095     12.816911250      1.058000000      1.058000000      0.001000000   0.000 
 91200.000      2.662309169     12.793542057      1.058000000      1.058000000      0.001000000   0.000 
 91600.000      2.793662984     12.799541531      1.058000000      1.058000000      0.001000000   0.000 
 92000.000      2.852809637     12.710904581      1.058000000      1.058000000      0.001000000   0.000 
 92400.000      2.787036253     12.735130417      1.058000000      1.058000000      0.001000000   0.000 
 92800.000      2.741502341     12.794067956      1.058000000      1.058000000      0.001000000   0.000 
 93200.000      2.748995005     12.740164128      1.058000000      1.058000000      0.001000000   0.000 
 93600.000      2.776568244     12.657438514      1.058000000      1.058000000      0.001000000   0.000 
 94000.000      2.707688977     12.508979017      1.058000000      1.058000000      0.001000000   0.000 
 94400.000      2.728702704     12.445271808      1.058000000      1.058000000      0.001000000   0.000 
 94800.000      2.697836888     12.321984937      1.058000000      1.058000000      0.001000000   0.000 
 95200.000      2.720379327     12.213148338      1.058000000      1.058000000      0.001000000   0.000 
 95600.000      2.804824208     12.087445417      1.058000000      1.058000000      0.001000000   0.000 
 96000.000      2.797645681     12.164518162      1.058000000      1.058000000      0.001000000   0.000 
 96400.000      2.657939785     12.260031059      1.058000000      1.058000000      0.001000000   0.000 
 96800.000      2.753184126     11.972174504      1.058000000      1.058000000      0.001000000   0.000 
 97200.000      2.922760320     11.812626830      1.058000000      1.058000000      0.001000000   0.000 
 97600.000      2.885791729     11.766537289      1.058000000      1.058000000      0.001000000   0.000 
 98000.000      2.813321146     11.632986921      1.058000000      1.058000000      0.001000000   0.000 
 98400.000      2.734697204     11.524456768      1.058000000      1.058000000      0.001000000   0.000 
 98800.000      2.744441767     11.487333204      1.058000000      1.058000000      0.001000000   0.000 
 99200.000      2.822156536     11.421013225      1.058000000      1.058000000      0.001000000   0.000 
 99600.000      2.726588231     11.192706113      1.058000000      1.058000000      0.001000000   0.000 
100000.000      2.756450106     11.048905220      1.058000000      1.058000000      0.001000000   0.000 
100400.000      2.798362791     10.864217980      1.058000000      1.058000000      0.001000000   0.000 
100800.000      2.757805187     10.647732642      1.058000000      1.058000000      0.001000000   0.000 
101200.000      2.702439314     10.564292359      1.058000000      1.058000000      0.001000000   0.000 
101600.000      2.741425502     10.384361390      1.058000000      1.058000000      0.001000000   0.000 
102000.000      2.773907402     10.167724801      1.058000000      1.058000000      0.001000000   0.000 
102400.000      2.783769056      9.922993024      1.058000000      1.058000000      0.001000000   0.000 
102800.000      2.744485347      9.941877939      1.058000000      1.058000000      0.001000000   0.000 
103200.000      2.795167418     10.092415512      1.058000000      1.058000000      0.001000000   0.000 
103600.000      2.780796040     10.013144766      1.058000000      1.058000000      0.001000000   0.000 
104000.000      2.738356072      9.913621996      1.058000000      1.058000000      0.001000000   0.000 
104400.000      2.750604281      9.797011175      1.058000000      1.058000000      0.001000000   0.000 
104800.000      2.824245225      9.549110328      1.058000000      1.058000000      0.001000000   0.000 
105200.000      2.773976361      9.423055865      1.058000000      1.058000000      0.001000000   0.000 
105600.000      2.742350532      9.175321153      1.058000000      1.058000000      0.001000000   0.000 
106000.000      2.726127812      8.876924795      1.058000000      1.058000000      0.001000000   0.000 
106400.000      2.611795749      8.687117154      1.058000000      1.058000000      0.001000000   0.000 
106800.000      2.723862077      8.497267609      1.058000000      1.058000000      0.001000000   0.000 
107200.000      2.873908422      8.390583073      1.058000000      1.058000000      0.001000000   0.000 
107600.000      2.818659792      8.172271204      1.058000000      1.058000000      0.001000000   0.000 
108000.000      2.754248356      7.977379722      1.058000000      1.058000000      0.001000000   0.000 
108400.000      2.743576523      7.890880252      1.058000000      1.058000000      0.001000000   0.000 
108800.000      2.725178192      7.751502553      1.058000000      1.058000000      0.001000000   0.000 
109200.000      2.736057214      7.672698221      1.058000000      1.058000000      0.001000000   0.000 
109600.000      2.757619476      7.635454309      1.058000000      1.058000000      0.001000000   0.000 
110000.000      2.822849931      7.542243698      1.058000000      1.058000000      0.001000000   0.000 
110400.000      2.796479274      7.476540012      1.058000000      1.058000000      0.001000000   0.000 
110800.000      2.706748966      7.292959450      1.058000000      1.058000000      0.001000000   0.000 
111200.000      2.781075032      7.143109896      1.058000000      1.058000000      0.001000000   0.000 
111600.000      2.803674296      7.194782302      1.058000000      1.058000000      0.001000000   0.000 
112000.000      2.697442205      7.118141750      1.058000000      1.058000000      0.001000000   0.000 
112400.000      2.714568264      6.798107065      1.058000000      1.058000000      0.001000000   0.000 
112800.000      2.812255921      6.534640378      1.058000000      1.058000000      0.001000000   0.000 
113200.000      2.830038111      6.320099055      1.058000000      1.058000000      0.001000000   0.000 
113600.000      2.743175759      6.012313393      1.058000000      1.058000000      0.001000000   0.000 
114000.000      2.748959767      5.826966720      1.058000000      1.058000000      0.001000000   0.000 
114400.000      2.872013451      5.629543844      1.058000000      1.058000000      0.001000000   0.000 
114800.000      2.787822292      5.454730648      1.058000000      1.058000000      0.001000000   0.000 
115200.000      2.759266648      5.359527320      1.058000000      1.058000000      0.001000000   0.000 
115600.000      2.772227931      5.305350650      1.058000000      1.058000000      0.001000000   0.000 
116000.000      2.699948233      5.118438725      1.058000000      1.058000000      0.001000000   0.000 
116400.000      2.803735658      4.936442362      1.058000000      1.058000000      0.001000000   0.000 
116800.000      2.708566735      4.922372773      1.058000000      1.058000000      0.001000000   0.000 
117200.000      2.733134969      4.940590827      1.058000000      1.058000000      0.001000000   0.000 
117600.000      2.809629149      4.984698623      1.058000000      1.058000000      0.001000000   0.000 
118000.000      2.779544142      5.006077605      1.058000000      1.058000000      0.001000000   0.000 
118400.000      2.711585612      4.926538680      1.058000000      1.058000000      0.001000000   0.000 
118800.000      2.717262243      4.794332063      1.058000000      1.058000000      0.001000000   0.000 
119200.000      2.770252661      4.744087822      1.058000000      1.058000000      0.001000000   0.000 
119600.000      2.815074253      4.790199745      1.058000000      1.058000000      0.001000000   0.000 
120000.000      2.835174510      4.881380752      1.058000000      1.058000000      0.001000000   0.000 
120400.000      2.744415459      4.959570204      1.058000000      1.058000000      0.001000000   0.000 
120800.000      2.771299291      5.136687692      1.058000000      1.058000000      0.001000000   0.000 
121200.000      2.805404975      5.122648782      1.058000000      1.058000000      0.001000000   0.000 
121600.000      2.804354062      5.114512152      1.058000000      1.058000000      0.001000000   0.000 
122000.000      2.792504073      5.193379276      1.058000000      1.058000000      0.001000000   0.000 
122400.000      2.738758662      5.142859920      1.058000000      1.058000000      0.001000000   0.000 
122800.000      2.763123255      5.161396926      1.058000000      1.058000000      0.001000000   0.000 
123200.000      2.754647773      5.252584110      1.058000000      1.058000000      0.001000000   0.000 
123600.000      2.755945636      5.219076058      1.058000000      1.058000000      0.001000000   0.000 
124000.000      2.812743362      5.169508981      1.058000000      1.058000000      0.001000000   0.000 
124400.000      2.710048285      5.110041950      1.058000000      1.058000000      0.001000000   0.000 
124800.000      2.652367864      5.031232959      1.058000000      1.058000000      0.001000000   0.000 
125200.000      2.822009743      4.940817523      1.058000000      1.058000000      0.001000000   0.000 
125600.000      2.844719925      4.951350861      1.058000000      1.058000000      0.001000000   0.000 
126000.000      2.846953673      5.137481703      1.058000000      1.058000000      0.001000000   0.000 
126400.000      2.708836306      5.107907348      1.058000000      1.058000000      0.001000000   0.000 
126800.000      2.644380208      5.012172463      1.058000000      1.058000000      0.001000000   0.000 
127200.000      2.812266512      5.123740418      1.058000000      1.058000000      0.001000000   0.000 
127600.000      2.809301938      5.200206622      1.058000000      1.058000000      0.001000000   0.000 
128000.000      2.653899611      5.166686591      1.058000000      1.058000000      0.001000000   0.000 
128400.000      2.689453132      5.263625642      1.058000000      1.058000000      0.001000000   0.000 
128800.000      2.897123624      5.244856444      1.058000000      1.058000000      0.001000000   0.000 
129200.000      2.932692779      5.114139998      1.058000000      1.058000000      0.001000000   0.000 
129600.000      2.823188224      5.106259900      1.058000000      1.058000000      0.001000000   0.000 
130000.000      2.711707474      5.181247266      1.058000000      1.058000000      0.001000000   0.000 
130400.000      2.720187967      5.235027694      1.058000000      1.058000000      0.001000000   0.000 
130800.000      2.722987850      5.276107631      1.058000000      1.058000000      0.001000000   0.000 
131200.000      2.759262821      5.424733143      1.058000000      1.058000000      0.001000000   0.000 
131600.000      2.772213019      5.639462369      1.058000000      1.058000000      0.001000000   0.000 
132000.000      2.708522772      5.641835852      1.058000000      1.058000000      0.001000000   0.000 
132400.000      2.737367246      5.667932581      1.058000000      1.058000000      0.001000000   0.000 
132800.000      2.714937201      5.911549221      1.058000000      1.058000000      0.001000000   0.000 
133200.000      2.738806957      5.998517149      1.058000000      1.058000000      0.001000000   0.000 
133600.000      2.815544864      6.114437085      1.058000000      1.058000000      0.001000000   0.000 
134000.000      2.820798779      6.048827859      1.058000000      1.058000000      0.001000000   0.000 
134400.000      2.668038500      5.989211969      1.058000000      1.058000000      0.001000000   0.000 
134800.000      2.649454157      6.127986504      1.058000000      1.058000000      0.001000000   0.000 
135200.000      2.765414275      6.073400547      1.058000000      1.058000000      0.001000000   0.000 
135600.000      2.862270567      6.040998514      1.058000000      1.058000000      0.001000000   0.000 
136000.000      2.844121621      6.171859246      1.058000000      1.058000000      0.001000000   0.000 
136400.000      2.668282187      6.207269872      1.058000000      1.058000000      0.001000000   0.000 
136800.000      2.643906078      6.009144194      1.058000000      1.058000000      0.001000000   0.000 
137200.000      2.820215458      5.983010874      1.058000000      1.058000000      0.001000000   0.000 
137600.000      2.928076251      5.932729450      1.058000000      1.058000000      0.001000000   0.000 
138000.000      2.854518736      5.846305150      1.058000000      1.058000000      0.001000000   0.000 
138400.000      2.617588841      5.757358368      1.058000000      1.058000000      0.001000000   0.000 
138800.000      2.674783448      5.730014902      1.058000000      1.058000000      0.001000000   0.000 
139200.000      2.854259806      5.664541761      1.058000000      1.058000000      0.001000000   0.000 
139600.000      2.874396101      5.688253950      1.058000000      1.058000000      0.001000000   0.000 
140000.000      2.841772591      5.595453378      1.058000000      1.058000000      0.001000000   0.000 
140400.000      2.791305031      5.363629826      1.058000000      1.058000000      0.001000000   0.000 
140800.000      2.852239234      5.174044638      1.058000000      1.058000000      0.001000000   0.000 
141200.000      2.852070425      5.017758494      1.058000000      1.058000000      0.001000000   0.000 
141600.000      2.823532324      4.947252331      1.058000000      1.058000000      0.001000000   0.000 
142000.000      2.826121017      4.950112693      1.058000000      1.058000000      0.001000000   0.000 
142400.000      2.809828600      4.850706861      1.058000000      1.058000000      0.001000000   0.000 
142800.000      2.819977853      4.757859906      1.058000000      1.058000000      0.001000000   0.000 
143200.000      2.826661620      4.745189228      1.058000000      1.058000000      0.001000000   0.000 
143600.000      2.834787708      4.673135177      1.058000000      1.058000000      0.001000000   0.000 
144000.000      2.819166339      4.749291353      1.058000000      1.058000000      0.001000000   0.000 
144400.000      2.715773852      4.864105162      1.058000000      1.058000000      0.001000000   0.000 
144800.000      2.781492092      4.754406842      1.058000000      1.058000000      0.001000000   0.000 
145200.000      2.885737139      4.660425944      1.058000000      1.058000000      0.001000000   0.000 
145600.000      2.804060949      4.662192718      1.058000000      1.058000000      0.001000000   0.000 
146000.000      2.714647999      4.677657213      1.058000000      1.058000000      0.001000000   0.000 
146400.000      2.754275227      4.657170056      1.058000000      1.058000000      0.001000000   0.000 
146800.000      2.822654939      4.714882236      1.058000000      1.058000000      0.001000000   0.000 
147200.000      2.851308679      4.756011750      1.058000000      1.058000000      0.001000000   0.000 
147600.000      2.747110068      4.684599288      1.058000000      1.058000000      0.001000000   0.000 
148000.000      2.751093541      4.776437107      1.058000000      1.058000000      0.001000000   0.000 
148400.000      2.845807787      4.931734869      1.058000000      1.058000000      0.001000000   0.000 
148800.000      2.834924544      4.970349456      1.058000000      1.058000000      0.001000000   0.000 
149200.000      2.757854747      4.899365300      1.058000000      1.058000000      0.001000000   0.000 
149600.000      2.695218197      4.754346284      1.058000000      1.058000000      0.001000000   0.000 
150000.000      2.738756417      4.790470953      1.058000000      1.058000000      0.001000000   0.000 
150400.000      2.763127334      4.805265086      1.058000000      1.058000000      0.001000000   0.000 
150800.000      2.809472268      4.682708391      1.058000000      1.058000000      0.001000000   0.000 
151200.000      2.890040954      4.602025973      1.058000000      1.058000000      0.001000000   0.000 
151600.000      2.868187456      4.692093819      1.058000000      1.058000000      0.001000000   0.000 
152000.000      2.777215061      4.714048923      1.058000000      1.058000000      0.001000000   0.000 
152400.000      2.738988405      4.528481889      1.058000000      1.058000000      0.001000000   0.000 
152800.000      2.859127258      4.315917144      1.058000000      1.058000000      0.001000000   0.000 
153200.000      2.881674754      4.428991971      1.058000000      1.058000000      0.001000000   0.000 
153600.000      2.831054359      4.389570001      1.058000000      1.058000000      0.001000000   0.000 
154000.000      2.793091218      4.362146964      1.058000000      1.058000000      0.001000000   0.000 
154400.000      2.672429686      4.429791995      1.058000000      1.058000000      0.001000000   0.000 
154800.000      2.755040062      4.402952349      1.058000000      1.058000000      0.001000000   0.000 
155200.000      2.878482789      4.430145544      1.058000000      1.058000000      0.001000000   0.000 
155600.000      2.807721370      4.505823523      1.058000000      1.058000000      0.001000000   0.000 
156000.000      2.751956178      4.584615797      1.058000000      1.058000000      0.001000000   0.000 
156400.000      2.668604390      4.562520132      1.058000000      1.058000000      0.001000000   0.000 
156800.000      2.651977146      4.519305611      1.058000000      1.058000000      0.001000000   0.000 
157200.000      2.731395923      4.456368151      1.058000000      1.058000000      0.001000000   0.000 
157600.000      2.760344894      4.468293856      1.058000000      1.058000000      0.001000000   0.000 
158000.000      2.722523045      4.555723404      1.058000000      1.058000000      0.001000000   0.000 
158400.000      2.644857779      4.478162782      1.058000000      1.058000000      0.001000000   0.000 
158800.000      2.709859748      4.328877569      1.058000000      1.058000000      0.001000000   0.000 
159200.000      2.783959501      4.465299228      1.058000000      1.058000000      0.001000000   0.000 
159600.000      2.819092658      4.444405192      1.058000000      1.058000000      0.001000000   0.000 
160000.000      2.738374332      4.291248523      1.058000000      1.058000000      0.001000000   0.000 
160400.000      2.650801748      4.172083609      1.058000000      1.058000000      0.001000000   0.000 
160800.000      2.761219873      4.166426350      1.058000000      1.058000000      0.001000000   0.000 
161200.000      2.809828082      4.276628920      1.058000000      1.058000000      0.001000000   0.000 
161600.000      2.811665864      4.501549341      1.058000000      1.058000000      0.001000000   0.000 
162000.000      2.813638435      4.558710691      1.058000000      1.058000000      0.001000000   0.000 
162400.000      2.635075611      4.540977095      1.058000000      1.058000000      0.001000000   0.000 
162800.000      2.684148011      4.405036303      1.058000000      1.058000000      0.001000000   0.000 
163200.000      2.871350019      4.258827088      1.058000000      1.058000000      0.001000000   0.000 
163600.000      2.892650808      4.231646904      1.058000000      1.058000000      0.001000000   0.000 
164000.000      2.780708470      4.289728887      1.058000000      1.058000000      0.001000000   0.000 
164400.000      2.694876940      4.290838179      1.058000000      1.058000000      0.001000000   0.000 
164800.000      2.725690574      4.265274049      1.058000000      1.058000000      0.001000000   0.000 
165200.000      2.780306480      4.294128864      1.058000000      1.058000000      0.001000000   0.000 
165600.000      2.822303801      4.253584196      1.058000000      1.058000000      0.001000000   0.000 
166000.000      2.752240303      4.208750227      1.058000000      1.058000000      0.001000000   0.000 
166400.000      2.587597707      4.207936558      1.058000000      1.058000000      0.001000000   0.000 
166800.000      2.757190827      4.265825114      1.058000000      1.058000000      0.001000000   0.000 
167200.000      2.776475823      4.361591287      1.058000000      1.058000000      0.001000000   0.000 
167600.000      2.735067812      4.456525236      1.058000000      1.058000000      0.001000000   0.000 
168000.000      2.697531538      4.578818313      1.058000000      1.058000000      0.001000000   0.000 
168400.000      2.687932862      4.646122640      1.058000000      1.058000000      0.001000000   0.000 
168800.000      2.783687760      4.594391791      1.058000000      1.058000000      0.001000000   0.000 
169200.000      2.858623319      4.518970934      1.058000000      1.058000000      0.001000000   0.000 
169600.000      2.838522389      4.461163606      1.058000000      1.058000000      0.001000000   0.000 
170000.000      2.777311007      4.390266730      1.058000000      1.058000000      0.001000000   0.000 
170400.000      2.793392507      4.316279413      1.058000000      1.058000000      0.001000000   0.000 
170800.000      2.796235290      4.248032466      1.058000000      1.058000000      0.001000000   0.000 
171200.000      2.735487946      4.337824410      1.058000000      1.058000000      0.001000000   0.000 
171600.000      2.798429869      4.446391585      1.058000000      1.058000000      0.001000000   0.000 
172000.000      2.836431845      4.406813759      1.058000000      1.058000000      0.001000000   0.000 
172400.000      2.708246875      4.269823178      1.058000000      1.058000000      0.001000000   0.000 
172800.000      2.628516422      4.365897795      1.058000000      1.058000000      0.001000000   0.000 
173200.000      2.672630383      4.440272623      1.058000000      1.058000000      0.001000000   0.000 
173600.000      2.820379870      4.334990945      1.058000000      1.058000000      0.001000000   0.000 
174000.000      2.771334905      4.331418555      1.058000000      1.058000000      0.001000000   0.000 
174400.000      2.765099046      4.564106803      1.058000000      1.058000000      0.001000000   0.000 
174800.000      2.766202968      4.792236157      1.058000000      1.058000000      0.001000000   0.000 
175200.000      2.708498355      4.919957915      1.058000000      1.058000000      0.001000000   0.000 
175600.000      2.746953236      4.956606226      1.058000000      1.058000000      0.001000000   0.000 
176000.000      2.843242904      5.133553378      1.058000000      1.058000000      0.001000000   0.000 
176400.000      2.808422679      5.297144594      1.058000000      1.058000000      0.001000000   0.000 
176800.000      2.727389425      5.599753228      1.058000000      1.058000000      0.001000000   0.000 
177200.000      2.732701244      5.901377956      1.058000000      1.058000000      0.001000000   0.000 
177600.000      2.785830589      6.121646707      1.058000000      1.058000000      0.001000000   0.000 
178000.000      2.775282319      6.409981523      1.058000000      1.058000000      0.001000000   0.000 
178400.000      2.770744875      6.610670774      1.058000000      1.058000000      0.001000000   0.000 
178800.000      2.793729393      6.935596684      1.058000000      1.058000000      0.001000000   0.000 
179200.000      2.760664959      7.180996290      1.058000000      1.058000000      0.001000000   0.000 
179600.000      2.849200217      7.411471289      1.058000000      1.058000000      0.001000000   0.000 
180000.000      2.827932816      7.681801963      1.058000000      1.058000000      0.001000000   0.000 
180400.000      2.755095355      7.712454789      1.058000000      1.058000000      0.001000000   0.000 
180800.000      2.738640587      7.899178607      1.058000000      1.058000000      0.001000000   0.000 
181200.000      2.789077994      8.089322912      1.058000000      1.058000000      0.001000000   0.000 
181600.000      2.879274314      8.209205250      1.058000000      1.058000000      0.001000000   0.000 
182000.000      2.848635070      8.358499116      1.058000000      1.058000000      0.001000000   0.000 
182400.000      2.757612719      8.508568009      1.058000000      1.058000000      0.001000000   0.000 
182800.000      2.697944966      8.648556261      1.058000000      1.058000000      0.001000000   0.000 
183200.000      2.772068289      8.667295797      1.058000000      1.058000000      0.001000000   0.000 
183600.000      2.766781958      8.787197704      1.058000000      1.058000000      0.001000000   0.000 
184000.000      2.782390600      8.972640472      1.058000000      1.058000000      0.001000000   0.000 
184400.000      2.767507740      8.908980935      1.058000000      1.058000000      0.001000000   0.000 
184800.000      2.780367289      8.889700306      1.058000000      1.058000000      0.001000000   0.000 
185200.000      2.825828371      8.853428597      1.058000000      1.058000000      0.001000000   0.000 
185600.000      2.767701254      8.929676751      1.058000000      1.058000000      0.001000000   0.000 
186000.000      2.719937719      9.004786431      1.058000000      1.058000000      0.001000000   0.000 
186400.000      2.783509411      8.915746870      1.058000000      1.058000000      0.001000000   0.000 
186800.000      2.804177874      9.052461367      1.058000000      1.058000000      0.001000000   0.000 
187200.000      2.923918465      9.092118392      1.058000000      1.058000000      0.001000000   0.000 
187600.000      2.946609934      9.147750842      1.058000000      1.058000000      0.001000000   0.000 
188000.000      2.807260927      9.275014301      1.058000000      1.058000000      0.001000000   0.000 
188400.000      2.676720977      9.244449764      1.058000000      1.058000000      0.001000000   0.000 
188800.000      2.708263287      9.219287987      1.058000000      1.058000000      0.001000000   0.000 
189200.000      2.794066284      9.310337020      1.058000000      1.058000000      0.001000000   0.000 
189600.000      2.698751503      9.418455070      1.058000000      1.058000000      0.001000000   0.000 
190000.000      2.758974115      9.341871605      1.058000000      1.058000000      0.001000000   0.000 
190400.000      2.841547309      9.248077576      1.058000000      1.058000000      0.001000000   0.000 
190800.000      2.883716541      9.255040844      1.058000000      1.058000000      0.001000000   0.000 
191200.000      2.749481075      9.237474623      1.058000000      1.058000000      0.001000000   0.000 
191600.000      2.557991708      9.238784183      1.058000000      1.058000000      0.001000000   0.000 
192000.000      2.631088927      9.371236505      1.058000000      1.058000000      0.001000000   0.000 
192400.000      2.840184783      9.374271665      1.058000000      1.058000000      0.001000000   0.000 
192800.000      2.966165869      9.467284372      1.058000000      1.058000000      0.001000000   0.000 
193200.000      2.932623818      9.604737775      1.058000000      1.058000000      0.001000000   0.000 
193600.000      2.911166495      9.512985722      1.058000000      1.058000000      0.001000000   0.000 
194000.000      2.860334905      9.575788813      1.058000000      1.058000000      0.001000000   0.000 
194400.000      2.728346471      9.738929848      1.058000000      1.058000000      0.001000000   0.000 
194800.000      2.693152015      9.649369253      1.058000000      1.058000000      0.001000000   0.000 
195200.000      2.848077280      9.524127847      1.058000000      1.058000000      0.001000000   0.000 
195600.000      2.886077680      9.489382678      1.058000000      1.058000000      0.001000000   0.000 
196000.000      2.848390713      9.420652276      1.058000000      1.058000000      0.001000000   0.000 
196400.000      2.761034666      9.407087484      1.058000000      1.058000000      0.001000000   0.000 
196800.000      2.625043837      9.422931087      1.058000000      1.058000000      0.001000000   0.000 
197200.000      2.673479354      9.541162031      1.058000000      1.058000000      0.001000000   0.000 
197600.000      2.764520539      9.564857979      1.058000000      1.058000000      0.001000000   0.000 
198000.000      2.796950304      9.647585218      1.058000000      1.058000000      0.001000000   0.000 
198400.000      2.747111569      9.762043903      1.058000000      1.058000000      0.001000000   0.000 
198800.000      2.683577215      9.725672287      1.058000000      1.058000000      0.001000000   0.000 
199200.000      2.736365222      9.827154054      1.058000000      1.058000000      0.001000000   0.000 
199600.000      2.833910581      9.982730112      1.058000000      1.058000000      0.001000000   0.000 
200000.000      2.829059246     10.124626083      1.058000000      1.058000000      0.001000000   0.000 
200400.000      2.749731449     10.266613451      1.058000000      1.058000000      0.001000000   0.000 
200800.000      2.679589513     10.359779104      1.058000000      1.058000000      0.001000000   0.000 
201200.000      2.789020553     10.654001389      1.058000000      1.058000000      0.001000000   0.000 
201600.000      2.802598774     10.780876988      1.058000000      1.058000000      0.001000000   0.000 
202000.000      2.798545316     11.079563008      1.058000000      1.058000000      0.001000000   0.000 
202400.000      2.799757092     11.317679560      1.058000000      1.058000000      0.001000000   0.000 
202800.000      2.772154758     11.506771309      1.058000000      1.058000000      0.001000000   0.000 
203200.000      2.719495335     11.785874125      1.058000000      1.058000000      0.001000000   0.000 
203600.000      2.716981866     11.793465785      1.058000000      1.058000000      0.001000000   0.000 
204000.000      2.773856910     11.961419493      1.058000000      1.058000000      0.001000000   0.000 
204400.000      2.682053520     12.179576153      1.058000000      1.058000000      0.001000000   0.000 
204800.000      2.691292165     12.323350637      1.058000000      1.058000000      0.001000000   0.000 
205200.000      2.745830297     12.469583766      1.058000000      1.058000000      0.001000000   0.000 
205600.000      2.759783633     12.599720214      1.058000000      1.058000000      0.001000000   0.000 
206000.000      2.871235300     12.851569731      1.058000000      1.058000000      0.001000000   0.000 
206400.000      2.825896210     13.026135538      1.058000000      1.058000000      0.001000000   0.000 
206800.000      2.696068269     13.104994656      1.058000000      1.058000000      0.001000000   0.000 
207200.000      2.659836461     13.340835411      1.058000000      1.058000000      0.001000000   0.000 
207600.000      2.717361546     13.505365464      1.058000000      1.058000000      0.001000000   0.000 
208000.000      2.838360437     13.587326011      1.058000000      1.058000000      0.001000000   0.000 
208400.000      2.924274317     13.780051994      1.058000000      1.058000000      0.001000000   0.000 
208800.000      2.890558184     13.865319669      1.058000000      1.058000000      0.001000000   0.000 
209200.000      2.840146774     13.733376455      1.058000000      1.058000000      0.001000000   0.000 
209600.000      2.758066613     13.636020581      1.058000000      1.058000000      0.001000000   0.000 
210000.000      2.710199602     13.658049807      1.058000000      1.058000000      0.001000000   0.000 
210400.000      2.739870285     13.536571206      1.058000000      1.058000000      0.001000000   0.000 
210800.000      2.735145910     13.456578629      1.058000000      1.058000000      0.001000000   0.000 
211200.000      2.772974420     13.456502412      1.058000000      1.058000000      0.001000000   0.000 
211600.000      2.681571132     13.464100258      1.058000000      1.058000000      0.001000000   0.000 
212000.000      2.686945740     13.441578762      1.058000000      1.058000000      0.001000000   0.000 
212400.000      2.858917300     13.425163886      1.058000000      1.058000000      0.001000000   0.000 
212800.000      2.825625134     13.458842358      1.058000000      1.058000000      0.001000000   0.000 
213200.000      2.718688415     13.549927270      1.058000000      1.058000000      0.001000000   0.000 
213600.000      2.686757461     13.623318961      1.058000000      1.058000000      0.001000000   0.000 
214000.000      2.789947846     13.685179106      1.058000000      1.058000000      0.001000000   0.000 
214400.000      2.888187690     13.594453980      1.058000000      1.058000000      0.001000000   0.000 
214800.000      2.882383051     13.469799331      1.058000000      1.058000000      0.001000000   0.000 
215200.000      2.845983216     13.376792770      1.058000000      1.058000000      0.001000000   0.000 
215600.000      2.872722440     13.271161480      1.058000000      1.058000000      0.001000000   0.000 
216000.000      2.824685522     13.296505364      1.058000000      1.058000000      0.001000000   0.000 
216400.000      2.745785907     13.311446070      1.058000000      1.058000000      0.001000000   0.000 
216800.000      2.754709236     13.253402592      1.058000000      1.058000000      0.001000000   0.000 
217200.000      2.708082147     13.361434278      1.058000000      1.058000000      0.001000000   0.000 
217600.000      2.636354692     13.345812432      1.058000000      1.058000000      0.001000000   0.000 
218000.000      2.780897236     13.338785510      1.058000000      1.058000000      0.001000000   0.000 
218400.000      2.979851796     13.162043386      1.058000000      1.058000000      0.001000000   0.000 
218800.000      3.026266560     13.069832957      1.058000000      1.058000000      0.001000000   0.000 
219200.000      2.782538800     13.249626038      1.058000000      1.058000000      0.001000000   0.000 
219600.000      2.558501851     13.405725434      1.058000000      1.058000000      0.001000000   0.000 
220000.000      2.727146511     13.357730642      1.058000000      1.058000000      0.001000000   0.000 
220400.000      2.893475791     13.378824810      1.058000000      1.058000000      0.001000000   0.000 
220800.000      2.918005255     13.392351031      1.058000000      1.058000000      0.001000000   0.000 
221200.000      2.789201501     13.509332936      1.058000000      1.058000000      0.001000000   0.000 
221600.000      2.682496403     13.551619710      1.058000000      1.058000000      0.001000000   0.000 
222000.000      2.630051496     13.713919285      1.058000000      1.058000000      0.001000000   0.000 
222400.000      2.755835610     13.758138886      1.058000000      1.058000000      0.001000000   0.000 
222800.000      2.959643369     13.689800313      1.058000000      1.058000000      0.001000000   0.000 
223200.000      2.898171904     13.750183053      1.058000000      1.058000000      0.001000000   0.000 
223600.000      2.822113785     13.646609034      1.058000000      1.058000000      0.001000000   0.000 
224000.000      2.727415113     13.693394190      1.058000000      1.058000000      0.001000000   0.000 
224400.000      2.702988986     13.761776165      1.058000000      1.058000000      0.001000000   0.000 
224800.000      2.802897567     13.821701411      1.058000000      1.058000000      0.001000000   0.000 
225200.000      2.879934667     13.833684994      1.058000000      1.058000000      0.001000000   0.000 
225600.000      2.878032016     13.774507610      1.058000000      1.058000000      0.001000000   0.000 
226000.000      2.852668377     13.729594900      1.058000000      1.058000000      0.001000000   0.000 
226400.000      2.734312908     13.915229786      1.058000000      1.058000000      0.001000000   0.000 
226800.000      2.729080049     13.936317429      1.058000000      1.058000000      0.001000000   0.000 
227200.000      2.748146322     13.988255026      1.058000000      1.058000000      0.001000000   0.000 
227600.000      2.779287469     14.013067861      1.058000000      1.058000000      0.001000000   0.000 
228000.000      2.739094439     14.082678530      1.058000000      1.058000000      0.001000000   0.000 
228400.000      2.783290377     14.129356776      1.058000000      1.058000000      0.001000000   0.000 
228800.000      2.845691062     14.003451131      1.058000000      1.058000000      0.001000000   0.000 
229200.000      2.786579242     14.018486581      1.058000000      1.058000000      0.001000000   0.000 
229600.000      2.696160008     14.128397606      1.058000000      1.058000000      0.001000000   0.000 
230000.000      2.656007795     14.028301602      1.058000000      1.058000000      0.001000000   0.000 
230400.000      2.769473347     14.150050170      1.058000000      1.058000000      0.001000000   0.000 
230800.000      2.932083150     14.235757216      1.058000000      1.058000000      0.001000000   0.000 
231200.000      3.000159466     14.182235822      1.058000000      1.058000000      0.001000000   0.000 
231600.000      2.982341273     14.073660424      1.058000000      1.058000000      0.001000000   0.000 
232000.000      2.983695937     14.057299582      1.058000000      1.058000000      0.001000000   0.000 
232400.000      2.888457263     14.148795021      1.058000000      1.058000000      0.001000000   0.000 
232800.000      2.599552332     14.062208558      1.058000000      1.058000000      0.001000000   0.000 
233200.000      2.609915937     13.987119555      1.058000000      1.058000000      0.001000000   0.000 
233600.000      2.898319972     14.144857269      1.058000000      1.058000000      0.001000000   0.000 
234000.000      3.116902139     14.364856530      1.058000000      1.058000000      0.001000000   0.000 
234400.000      3.174113346     14.366737472      1.058000000      1.058000000      0.001000000   0.000 
234800.000      3.063871949     14.428917239      1.058000000      1.058000000      0.001000000   0.000 
235200.000      2.848486916     14.430043123      1.058000000      1.058000000      0.001000000   0.000 
235600.000      2.704391763     14.499520190      1.058000000      1.058000000      0.001000000   0.000 
236000.000      2.740120161     14.697708540      1.058000000      1.058000000      0.001000000   0.000 
236400.000      2.731317545     14.689472419      1.058000000      1.058000000      0.001000000   0.000 
236800.000      2.628852093     14.781732492      1.058000000      1.058000000      0.001000000   0.000 
237200.000      2.728267183     14.789450667      1.058000000      1.058000000      0.001000000   0.000 
237600.000      2.799343701     14.784209325      1.058000000      1.058000000      0.001000000   0.000 
238000.000      2.708990894     14.713504764      1.058000000      1.058000000      0.001000000   0.000 
238400.000      2.718811492     14.779766276      1.058000000      1.058000000      0.001000000   0.000 
238800.000      2.765183796     14.901524107      1.058000000      1.058000000      0.001000000   0.000 
239200.000      2.739357681     14.921873085      1.058000000      1.058000000      0.001000000   0.000 
239600.000      2.713139932     15.017961297      1.058000000      1.058000000      0.001000000   0.000 
240000.000      2.693922826     15.145971670      1.058000000      1.058000000      0.001000000   0.000 
240400.000      2.803538320     15.191210323      1.058000000      1.058000000      0.001000000   0.000 
240800.000      2.911558005     15.219319867      1.058000000      1.058000000      0.001000000   0.000 
241200.000      2.939661969     15.294092352      1.058000000      1.058000000      0.001000000   0.000 
241600.000      2.880941043     15.425576380      1.058000000      1.058000000      0.001000000   0.000 
242000.000      2.832740433     15.464271302      1.058000000      1.058000000      0.001000000   0.000 
242400.000      2.688165475     15.561478577      1.058000000      1.058000000      0.001000000   0.000 
242800.000      2.640562044     15.634081382      1.058000000      1.058000000      0.001000000   0.000 
243200.000      2.709588279     15.768737082      1.058000000      1.058000000      0.001000000   0.000 
243600.000      2.924239195     15.824514783      1.058000000      1.058000000      0.001000000   0.000 
244000.000      2.970653381     15.855512237      1.058000000      1.058000000      0.001000000   0.000 
244400.000      2.837878172     15.968608339      1.058000000      1.058000000      0.001000000   0.000 
244800.000      2.705197403     16.046868780      1.058000000      1.058000000      0.001000000   0.000 
245200.000      2.683617638     16.085314124      1.058000000      1.058000000      0.001000000   0.000 
245600.000      2.589560698     16.224800869      1.058000000      1.058000000      0.001000000   0.000 
246000.000      2.712015110     16.293652924      1.058000000      1.058000000      0.001000000   0.000 
246400.000      2.836399780     16.332522601      1.058000000      1.058000000      0.001000000   0.000 
246800.000      2.876169947     16.341375887      1.058000000      1.058000000      0.001000000   0.000 
247200.000      2.867327346     16.349700729      1.058000000      1.058000000      0.001000000   0.000 
247600.000      2.886108966     16.347387398      1.058000000      1.058000000      0.001000000   0.000 
248000.000      2.818820270     16.345776052      1.058000000      1.058000000      0.001000000   0.000 
248400.000      2.714780824     16.332379171      1.058000000      1.058000000      0.001000000   0.000 
248800.000      2.656923831     16.345546349      1.058000000      1.058000000      0.001000000   0.000 
249200.000      2.721985042     16.360185223      1.058000000      1.058000000      0.001000000   0.000 
249600.000      2.827270695     16.347648874      1.058000000      1.058000000      0.001000000   0.000 
250000.000      2.916272828     16.333146898      1.058000000      1.058000000      0.001000000   0.000 
250400.000      2.816197061     16.339381657      1.058000000      1.058000000      0.001000000   0.000 
250800.000      2.641094649     16.334708149      1.058000000      1.058000000      0.001000000   0.000 
251200.000      2.586984301     16.351283003      1.058000000      1.058000000      0.001000000   0.000 
251600.000      2.708901171     16.347411032      1.058000000      1.058000000      0.001000000   0.000 
252000.000      2.863637184     16.344494286      1.058000000      1.058000000      0.001000000   0.000 
252400.000      2.891278103     16.334393919      1.058000000      1.058000000      0.001000000   0.000 
252800.000      2.886910419     16.322278569      1.058000000      1.058000000      0.001000000   0.000 
253200.000      2.794708605     16.331794037      1.058000000      1.058000000      0.001000000   0.000 
253600.000      2.608098335     16.313123988      1.058000000      1.058000000      0.001000000   0.000 
254000.000      2.650794068     16.343594961      1.058000000      1.058000000      0.001000000   0.000 
254400.000      2.805759140     16.329201832      1.058000000      1.058000000      0.001000000   0.000 
254800.000      2.937730223     16.339406484      1.058000000      1.058000000      0.001000000   0.000 
255200.000      2.964731182     16.328065313      1.058000000      1.058000000      0.001000000   0.000 
255600.000      2.935204125     16.316682125      1.058000000      1.058000000      0.001000000   0.000 
256000.000      2.892538514     16.290311582      1.058000000      1.058000000      0.001000000   0.000 
256400.000      2.939096093     16.341423832      1.058000000      1.058000000      0.001000000   0.000 
256800.000      2.940140235     16.310599983      1.058000000      1.058000000      0.001000000   0.000 
257200.000      2.917664839     16.324962225      1.058000000      1.058000000      0.001000000   0.000 
257600.000      2.817102918     16.323485169      1.058000000      1.058000000      0.001000000   0.000 
258000.000      2.771898648     16.328900631      1.058000000      1.058000000      0.001000000   0.000 
258400.000      2.692431587     16.329944654      1.058000000      1.058000000      0.001000000   0.000 
258800.000      2.683984374     16.275042957      1.058000000      1.058000000      0.001000000   0.000 
259200.000      2.712967286     16.180936528      1.058000000      1.058000000      0.001000000   0.000 
259600.000      2.755330284     16.174568239      1.058000000      1.058000000      0.001000000   0.000 
260000.000      2.783570033     16.279305738      1.058000000      1.058000000      0.001000000   0.000 
260400.000      2.822471129     16.339866528      1.058000000      1.058000000      0.001000000   0.000 
260800.000      2.796634746     16.331890976      1.058000000      1.058000000      0.001000000   0.000 
261200.000      2.816520867     16.295753562      1.058000000      1.058000000      0.001000000   0.000 
261600.000      2.764202659     16.272394069      1.058000000      1.058000000      0.001000000   0.000 
262000.000      2.859165060     16.233492382      1.058000000      1.058000000      0.001000000   0.000 
262400.000      2.741784192     16.298277696      1.058000000      1.058000000      0.001000000   0.000 
262800.000      2.732846425     16.277677244      1.058000000      1.058000000      0.001000000   0.000 
263200.000      2.810804916     16.330174755      1.058000000      1.058000000      0.001000000   0.000 
263600.000      2.909942562     16.296697777      1.058000000      1.058000000      0.001000000   0.000 
264000.000      2.959208238     16.318149351      1.058000000      1.058000000      0.001000000   0.000 
264400.000      2.922874506     16.217431544      1.058000000      1.058000000      0.001000000   0.000 
264800.000      2.819876351     16.246340459      1.058000000      1.058000000      0.001000000   0.000 
265200.000      2.812667584     16.282057565      1.058000000      1.058000000      0.001000000   0.000 
265600.000      2.677660825     16.340018802      1.058000000      1.058000000      0.001000000   0.000 
266000.000      2.709775892     16.337456806      1.058000000      1.058000000      0.001000000   0.000 
266400.000      2.692238807     16.336206593      1.058000000      1.058000000      0.001000000   0.000 
266800.000      2.660847032     16.336501871      1.058000000      1.058000000      0.001000000   0.000 
267200.000      2.648497582     16.305113725      1.058000000      1.058000000      0.001000000   0.000 
267600.000      2.682661696     16.293499046      1.058000000      1.058000000      0.001000000   0.000 
268000.000      2.737741831     16.326418937      1.058000000      1.058000000      0.001000000   0.000 
268400.000      2.752629511     16.324680019      1.058000000      1.058000000      0.001000000   0.000 
268800.000      2.740186216     16.353460421      1.058000000      1.058000000      0.001000000   0.000 
269200.000      2.715794052     16.339982307      1.058000000      1.058000000      0.001000000   0.000 
269600.000      2.657424528     16.322440671      1.058000000      1.058000000      0.001000000   0.000 
270000.000      2.656462650     16.299712622      1.058000000      1.058000000      0.001000000   0.000 
270400.000      2.673897416     16.292491127      1.058000000      1.058000000      0.001000000   0.000 
270800.000      2.806646425     16.272872981      1.058000000      1.058000000      0.001000000   0.000 
271200.000      2.732088867     16.265900082      1.058000000      1.058000000      0.001000000   0.000 
271600.000      2.725451521     16.257645729      1.058000000      1.058000000      0.001000000   0.000 
272000.000      2.780538643     16.239782701      1.058000000      1.058000000      0.001000000   0.000 
272400.000      2.799063883     16.287098271      1.058000000      1.058000000      0.001000000   0.000 
272800.000      2.879057598     16.318820343      1.058000000      1.058000000      0.001000000   0.000 
273200.000      2.764690545     16.332492252      1.058000000      1.058000000      0.001000000   0.000 
273600.000      2.727220396     16.335240170      1.058000000      1.058000000      0.001000000   0.000 
274000.000      2.741387079     16.190009562      1.058000000      1.058000000      0.001000000   0.000 
274400.000      2.738332612     16.222049362      1.058000000      1.058000000      0.001000000   0.000 
274800.000      2.758304759     16.330277391      1.058000000      1.058000000      0.001000000   0.000 
275200.000      2.836086425     16.327990035      1.058000000      1.058000000      0.001000000   0.000 
275600.000      2.753472460     16.284253675      1.058000000      1.058000000      0.001000000   0.000 
276000.000      2.657128467     16.322440203      1.058000000      1.058000000      0.001000000   0.000 
276400.000      2.688611906     16.305930349      1.058000000      1.058000000      0.001000000   0.000 
276800.000      2.816046724     16.342013881      1.058000000      1.058000000      0.001000000   0.000 
277200.000      2.919248010     16.335391265      1.058000000      1.058000000      0.001000000   0.000 
277600.000      2.879910455     16.356421671      1.058000000      1.058000000      0.001000000   0.000 
278000.000      2.837997366     16.360512789      1.058000000      1.058000000      0.001000000   0.000 
278400.000      2.874466696     16.334150791      1.058000000      1.058000000      0.001000000   0.000 
278800.000      2.887559794     16.299849117      1.058000000      1.058000000      0.001000000   0.000 
279200.000      2.847277135     16.332183355      1.058000000      1.058000000      0.001000000   0.000 
279600.000      2.805446037     16.319120387      1.058000000      1.058000000      0.001000000   0.000 
280000.000      2.657933188     16.339760313      1.058000000      1.058000000      0.001000000   0.000 
280400.000      2.630373566     16.326080936      1.058000000      1.058000000      0.001000000   0.000 
280800.000      2.675593262     16.349415542      1.058000000      1.058000000      0.001000000   0.000 
281200.000      2.788453134     16.339970886      1.058000000      1.058000000      0.001000000   0.000 
281600.000      2.838282152     16.334377187      1.058000000      1.058000000      0.001000000   0.000 
282000.000      2.873919465     16.335374925      1.058000000      1.058000000      0.001000000   0.000 
282400.000      2.847757139     16.324637556      1.058000000      1.058000000      0.001000000   0.000 
282800.000      2.715326516     16.286623893      1.058000000      1.058000000      0.001000000   0.000 
283200.000      2.751946639     16.327871372      1.058000000      1.058000000      0.001000000   0.000 
283600.000      2.767110302     16.281604386      1.058000000      1.058000000      0.001000000   0.000 
284000.000      2.687916321     16.277788533      1.058000000      1.058000000      0.001000000   0.000 
284400.000      2.727688105     16.326744966      1.058000000      1.058000000      0.001000000   0.000 
284800.000      2.726568846     16.336014211      1.058000000      1.058000000      0.001000000   0.000 
285200.000      2.871760778     16.287895451      1.058000000      1.058000000      0.001000000   0.000 
285600.000      2.973044954     16.302456621      1.058000000      1.058000000      0.001000000   0.000 
286000.000      3.083891500     16.337803626      1.058000000      1.058000000      0.001000000   0.000 
286400.000      3.247876758     16.361256258      1.058000000      1.058000000      0.001000000   0.000 
286800.000      3.491362274     16.339570821      1.058000000      1.058000000      0.001000000   0.000 
287200.000      3.780769058     16.298853592      1.058000000      1.058000000      0.001000000   0.000 
287600.000      4.093148568     16.251255750      1.058000000      1.058000000      0.001000000   0.000 
288000.000      4.475771798     16.151551073      1.058000000      1.058000000      0.001000000   0.000 
288400.000      4.775353951     16.034587394      1.058000000      1.058000000      0.001000000   0.000 
288800.000      5.016698443     15.988616324      1.058000000      1.058000000      0.001000000   0.000 
289200.000      5.201720436     15.877866107      1.058000000      1.058000000      0.001000000   0.000 
289600.000      5.306588716     15.843191075      1.058000000      1.058000000      0.001000000   0.000 
290000.000      5.418838047     15.813936626      1.058000000      1.058000000      0.001000000   0.000 
290400.000      5.559434679     15.741538948      1.058000000      1.058000000      0.001000000   0.000 
290800.000      5.622157877     15.758408898      1.058000000      1.058000000      0.001000000   0.000 
291200.000      5.589765723     15.752973583      1.058000000      1.058000000      0.001000000   0.000 
291600.000      5.465979835     15.651675089      1.058000000      1.058000000      0.001000000   0.000 
292000.000      5.354254932     15.592024052      1.058000000      1.058000000      0.001000000   0.000 
292400.000      5.366676993     15.597886369      1.058000000      1.058000000      0.001000000   0.000 
292800.000      5.457485832     15.438184321      1.058000000      1.058000000      0.001000000   0.000 
293200.000      5.429220014     15.476565889      1.058000000      1.058000000      0.001000000   0.000 
293600.000      5.345919550     15.527261916      1.058000000      1.058000000      0.001000000   0.000 
294000.000      5.250844604     15.539658721      1.058000000      1.058000000      0.001000000   0.000 
294400.000      5.228302665     15.438659770      1.058000000      1.058000000      0.001000000   0.000 
294800.000      5.299210802     15.339478876      1.058000000      1.058000000      0.001000000   0.000 
295200.000      5.296641308     15.459971374      1.058000000      1.058000000      0.001000000   0.000 
295600.000      5.259853430     15.562173280      1.058000000      1.058000000      0.001000000   0.000 
296000.000      5.215595665     15.611897245      1.058000000      1.058000000      0.001000000   0.000 
296400.000      5.223581549     15.494455739      1.058000000      1.058000000      0.001000000   0.000 
296800.000      5.262578462     15.472900240      1.058000000      1.058000000      0.001000000   0.000 
297200.000      5.251173351     15.465990642      1.058000000      1.058000000      0.001000000   0.000 
297600.000      5.307704374     15.349387482      1.058000000      1.058000000      0.001000000   0.000 
298000.000      5.377485935     15.173588124      1.058000000      1.058000000      0.001000000   0.000 
298400.000      5.438910641     14.933843824      1.058000000      1.058000000      0.001000000   0.000 
298800.000      5.431839591     14.689149037      1.058000000      1.058000000      0.001000000   0.000 
299200.000      5.315387317     14.421824240      1.058000000      1.058000000      0.001000000   0.000 
299600.000      5.283393691     14.248826400      1.058000000      1.058000000      0.001000000   0.000 
300000.000      5.286563076     14.147992195      1.058000000      1.058000000      0.001000000   0.000 
300400.000      5.265859751     14.045049973      1.058000000      1.058000000      0.001000000   0.000 
300800.000      5.243865989     13.859615806      1.058000000      1.058000000      0.001000000   0.000 
301200.000      5.227261392     13.642551282      1.058000000      1.058000000      0.001000000   0.000 
301600.000      5.217700450     13.576888986      1.058000000      1.058000000      0.001000000   0.000 
302000.000      5.238616952     13.504049163      1.058000000      1.058000000      0.001000000   0.000 
302400.000      5.237856611     13.280849542      1.058000000      1.058000000      0.001000000   0.000 
302800.000      5.104150809     13.118923468      1.058000000      1.058000000      0.001000000   0.000 
303200.000      5.033592826     12.925745888      1.058000000      1.058000000      0.001000000   0.000 
303600.000      4.960008405     12.790880644      1.058000000      1.058000000      0.001000000   0.000 
304000.000      4.831709948     12.677220260      1.058000000      1.058000000      0.001000000   0.000 
304400.000      4.785638481     12.559794069      1.058000000      1.058000000      0.001000000   0.000 
304800.000      4.801630582     12.368592328      1.058000000      1.058000000      0.001000000   0.000 
305200.000      4.695989286     12.306228467      1.058000000      1.058000000      0.001000000   0.000 
305600.000      4.671063613     12.236164557      1.058000000      1.058000000      0.001000000   0.000 
306000.000      4.682098139     12.006809425      1.058000000      1.058000000      0.001000000   0.000 
306400.000      4.673621673     11.788119491      1.058000000      1.058000000      0.001000000   0.000 
306800.000      4.596200014     11.605521912      1.058000000      1.058000000      0.001000000   0.000 
307200.000      4.437923996     11.539674817      1.058000000      1.058000000      0.001000000   0.000 
307600.000      4.383997850     11.318554991      1.058000000      1.058000000      0.001000000   0.000 
308000.000      4.264514452     11.274495239      1.058000000      1.058000000      0.001000000   0.000 
308400.000      4.066895427     11.381856459      1.058000000      1.058000000      0.001000000   0.000 
308800.000      3.867819904     11.393528114      1.058000000      1.058000000      0.001000000   0.000 
309200.000      3.606756524     11.283200996      1.058000000      1.058000000      0.001000000   0.000 
309600.000      3.398433452     11.245354317      1.058000000      1.058000000      0.001000000   0.000 
310000.000      3.143308593     11.197851542      1.058000000      1.058000000      0.001000000   0.000 
310400.000      2.788215424     11.313061206      1.058000000      1.058000000      0.001000000   0.000 
310800.000      2.642535843     11.406378336      1.058000000      1.058000000      0.001000000   0.000 
311200.000      2.692218261     11.432753125      1.058000000      1.058000000      0.001000000   0.000 
311600.000      2.750981147     11.363030070      1.058000000      1.058000000      0.001000000   0.000 
312000.000      2.791267686     11.239202660      1.058000000      1.058000000      0.001000000   0.000 
312400.000      2.726226712     11.379474919      1.058000000      1.058000000      0.001000000   0.000 
312800.000      2.644599808     11.436735582      1.058000000      1.058000000      0.001000000   0.000 
313200.000      2.708919742     11.191802144      1.058000000      1.058000000      0.001000000   0.000 
313600.000      2.689432173     11.149681538      1.058000000      1.058000000      0.001000000   0.000 
314000.000      2.645119007     11.080856243      1.058000000      1.058000000      0.001000000   0.000 
314400.000      2.645040827     11.091294197      1.058000000      1.058000000      0.001000000   0.000 
314800.000      2.766868056     11.024042168      1.058000000      1.058000000      0.001000000   0.000 
315200.000      2.853962756     11.004781568      1.058000000      1.058000000      0.001000000   0.000 
315600.000      2.653142900     11.201692515      1.058000000      1.058000000      0.001000000   0.000 
316000.000      2.637793470     11.155032270      1.058000000      1.058000000      0.001000000   0.000 
316400.000      2.744557725     10.995159029      1.058000000      1.058000000      0.001000000   0.000 
316800.000      2.777097861     10.894753995      1.058000000      1.058000000      0.001000000   0.000 
317200.000      2.758055125     10.978502201      1.058000000      1.058000000      0.001000000   0.000 
317600.000      2.643535588     11.199202841      1.058000000      1.058000000      0.001000000   0.000 
318000.000      2.662319765     11.278683136      1.058000000      1.058000000      0.001000000   0.000 
318400.000      2.836278540     11.174931953      1.058000000      1.058000000      0.001000000   0.000 
318800.000      2.863465358     11.109353973      1.058000000      1.058000000      0.001000000   0.000 
319200.000      2.661936435     11.284505120      1.058000000      1.058000000      0.001000000   0.000 
319600.000      2.613559328     11.407825923      1.058000000      1.058000000      0.001000000   0.000 
320000.000      2.786227370     11.456532401      1.058000000      1.058000000      0.001000000   0.000 
320400.000      2.806612652     11.480967322      1.058000000      1.058000000      0.001000000   0.000 
320800.000      2.749467635     11.553575993      1.058000000      1.058000000      0.001000000   0.000 
321200.000      2.629497962     11.853429897      1.058000000      1.058000000      0.001000000   0.000 
321600.000      2.778716626     11.961090785      1.058000000      1.058000000      0.001000000   0.000 
322000.000      2.917407120     12.116027176      1.058000000      1.058000000      0.001000000   0.000 
322400.000      2.894698458     12.225784876      1.058000000      1.058000000      0.001000000   0.000 
322800.000      2.818801837     12.216462721      1.058000000      1.058000000      0.001000000   0.000 
323200.000      2.683195898     12.277439762      1.058000000      1.058000000      0.001000000   0.000 
323600.000      2.720619139     12.212509304      1.058000000      1.058000000      0.001000000   0.000 
324000.000      2.825596945     12.005315647      1.058000000      1.058000000      0.001000000   0.000 
324400.000      2.814451957     11.849522118      1.058000000      1.058000000      0.001000000   0.000 
324800.000      2.639445015     11.924124675      1.058000000      1.058000000      0.001000000   0.000 
325200.000      2.641874703     11.989280879      1.058000000      1.058000000      0.001000000   0.000 
325600.000      2.721174187     11.932035035      1.058000000      1.058000000      0.001000000   0.000 
326000.000      2.781549650     11.792006941      1.058000000      1.058000000      0.001000000   0.000 
326400.000      2.850994748     11.736304510      1.058000000      1.058000000      0.001000000   0.000 
326800.000      2.786503190     11.831263286      1.058000000      1.058000000      0.001000000   0.000 
327200.000      2.609648770     11.796537445      1.058000000      1.058000000      0.001000000   0.000 
327600.000      2.636544743     11.653381825      1.058000000      1.058000000      0.001000000   0.000 
328000.000      2.812237779     11.535021122      1.058000000      1.058000000      0.001000000   0.000 
328400.000      2.844855266     11.426596815      1.058000000      1.058000000      0.001000000   0.000 
328800.000      2.749548107     11.195010392      1.058000000      1.058000000      0.001000000   0.000 
329200.000      2.689643306     11.178918251      1.058000000      1.058000000      0.001000000   0.000 
329600.000      2.639754650     11.281711860      1.058000000      1.058000000      0.001000000   0.000 
330000.000      2.680523297     11.199353885      1.058000000      1.058000000      0.001000000   0.000 
330400.000      2.724924729     11.065703439      1.058000000      1.058000000      0.001000000   0.000 
330800.000      2.938848693     10.862401536      1.058000000      1.058000000      0.001000000   0.000 
331200.000      3.035286892     10.643304929      1.058000000      1.058000000      0.001000000   0.000 
331600.000      2.981833471     10.441332076      1.058000000      1.058000000      0.001000000   0.000 
332000.000      2.944587784     10.427473108      1.058000000      1.058000000      0.001000000   0.000 
332400.000      2.862603105     10.430227485      1.058000000      1.058000000      0.001000000   0.000 
332800.000      2.778833309     10.256023231      1.058000000      1.058000000      0.001000000   0.000 
333200.000      2.750882166     10.069329002      1.058000000      1.058000000      0.001000000   0.000 
333600.000      2.689545870      9.870353683      1.058000000      1.058000000      0.001000000   0.000 
334000.000      2.807959967      9.717744469      1.058000000      1.058000000      0.001000000   0.000 
334400.000      2.921023247      9.665378070      1.058000000      1.058000000      0.001000000   0.000 
334800.000      2.955370899      9.573801402      1.058000000      1.058000000      0.001000000   0.000 
335200.000      3.020689633      9.252398056      1.058000000      1.058000000      0.001000000   0.000 
335600.000      3.017971314      8.975513192      1.058000000      1.058000000      0.001000000   0.000 
336000.000      2.946380198      8.789683896      1.058000000      1.058000000      0.001000000   0.000 
336400.000      2.833496889      8.633559781      1.058000000      1.058000000      0.001000000   0.000 
336800.000      2.794943600      8.438909185      1.058000000      1.058000000      0.001000000   0.000 
337200.000      2.807223455      8.248818727      1.058000000      1.058000000      0.001000000   0.000 
337600.000      2.866286698      8.165261746      1.058000000      1.058000000      0.001000000   0.000 
338000.000      2.824911911      8.109556994      1.058000000      1.058000000      0.001000000   0.000 
338400.000      2.761274718      7.949613544      1.058000000      1.058000000      0.001000000   0.000 
338800.000      2.818001855      7.737293794      1.058000000      1.058000000      0.001000000   0.000 
339200.000      2.841755168      7.706023499      1.058000000      1.058000000      0.001000000   0.000 
339600.000      2.832661447      7.603508817      1.058000000      1.058000000      0.001000000   0.000 
340000.000      2.757991910      7.444966471      1.058000000      1.058000000      0.001000000   0.000 
340400.000      2.766750933      7.453292366      1.058000000      1.058000000      0.001000000   0.000 
340800.000      2.873812284      7.585174070      1.058000000      1.058000000      0.001000000   0.000 
341200.000      2.852131625      7.542631687      1.058000000      1.058000000      0.001000000   0.000 
341600.000      2.832715502      7.415311743      1.058000000      1.058000000      0.001000000   0.000 
342000.000      2.753164724      7.428305256      1.058000000      1.058000000      0.001000000   0.000 
342400.000      2.762896048      7.383663449      1.058000000      1.058000000      0.001000000   0.000 
342800.000      2.805633287      7.397146045      1.058000000      1.058000000      0.001000000   0.000 
343200.000      2.778074041      7.259752717      1.058000000      1.058000000      0.001000000   0.000 
343600.000      2.709461247      7.084891043      1.058000000      1.058000000      0.001000000   0.000 
344000.000      2.640807699      7.163790181      1.058000000      1.058000000      0.001000000   0.000 
344400.000      2.639149521      7.257419279      1.058000000      1.058000000      0.001000000   0.000 
344800.000      2.832728137      7.203148852      1.058000000      1.058000000      0.001000000   0.000 
345200.000      3.041643083      7.078420164      1.058000000      1.058000000      0.001000000   0.000 
345600.000      2.993816112      7.172936854      1.058000000      1.058000000      0.001000000   0.000 
346000.000      2.740447662      7.430034987      1.058000000      1.058000000      0.001000000   0.000 
346400.000      2.571158555      7.555749110      1.058000000      1.058000000      0.001000000   0.000 
346800.000      2.703411159      7.535939077      1.058000000      1.058000000      0.001000000   0.000 
347200.000      2.883659874      7.454080214      1.058000000      1.058000000      0.001000000   0.000 
347600.000      2.835162362      7.550802338      1.058000000      1.058000000      0.001000000   0.000 
348000.000      2.753625041      7.783371667      1.058000000      1.058000000      0.001000000   0.000 
348400.000      2.660482540      7.811227672      1.058000000      1.058000000      0.001000000   0.000 
348800.000      2.660899847      7.808957995      1.058000000      1.058000000      0.001000000   0.000 
349200.000      2.821614563      7.794753237      1.058000000      1.058000000      0.001000000   0.000 
349600.000      2.714068036      7.749785694      1.058000000      1.058000000      0.001000000   0.000 
350000.000      2.667082046      7.801895339      1.058000000      1.058000000      0.001000000   0.000 
350400.000      2.765290875      7.819856314      1.058000000      1.058000000      0.001000000   0.000 
350800.000      2.793874220      7.748174630      1.058000000      1.058000000      0.001000000   0.000 
351200.000      2.849566297      7.748609346      1.058000000      1.058000000      0.001000000   0.000 
351600.000      2.796492235      7.697753059      1.058000000      1.058000000      0.001000000   0.000 
352000.000      2.699507178      7.717143450      1.058000000      1.058000000      0.001000000   0.000 
352400.000      2.792762033      7.547562536      1.058000000      1.058000000      0.001000000   0.000 
352800.000      2.805643999      7.571429154      1.058000000      1.058000000      0.001000000   0.000 
353200.000      2.708012756      7.670289700      1.058000000      1.058000000      0.001000000   0.000 
353600.000      2.633232521      7.672427102      1.058000000      1.058000000      0.001000000   0.000 
354000.000      2.664695133      7.637136474      1.058000000      1.058000000      0.001000000   0.000 
354400.000      2.711529926      7.473348495      1.058000000      1.058000000      0.001000000   0.000 
354800.000      2.711215545      7.456095110      1.058000000      1.058000000      0.001000000   0.000 
355200.000      2.802641036      7.429095444      1.058000000      1.058000000      0.001000000   0.000 
355600.000      2.819276366      7.277387786      1.058000000      1.058000000      0.001000000   0.000 
356000.000      2.809964282      7.151499660      1.058000000      1.058000000      0.001000000   0.000 
356400.000      2.857063725      7.024547578      1.058000000      1.058000000      0.001000000   0.000 
356800.000      2.865744076      7.071196630      1.058000000      1.058000000      0.001000000   0.000 
357200.000      2.773428055      7.026251735      1.058000000      1.058000000      0.001000000   0.000 
357600.000      2.693476206      6.967972816      1.058000000      1.058000000      0.001000000   0.000 
358000.000      2.678066170      6.920943421      1.058000000      1.058000000      0.001000000   0.000 
358400.000      2.872398475      6.868594938      1.058000000      1.058000000      0.001000000   0.000 
358800.000      3.122096119      6.898486723      1.058000000      1.058000000      0.001000000   0.000 
359200.000      3.247427968      6.842932519      1.058000000      1.058000000      0.001000000   0.000 
359600.000      3.339396217      6.891512930      1.058000000      1.058000000      0.001000000   0.000 
360000.000      3.565286137      6.938232531      1.058000000      1.058000000      0.001000000   0.000 
